MEME version 4

ALPHABET= ACGU

Background letter frequencies:
A 0.2810 C 0.2004 G 0.2058 U 0.3129

MOTIF filter0
letter-probability matrix: alength= 4 w= 7 nsites= 139826
0.3922 0.1421 0.0164 0.4493
0.0111 0.5372 0.2023 0.2495
0.9073 0.0000 0.0000 0.0927
0.0006 0.1733 0.7163 0.1097
0.2195 0.3178 0.1193 0.3434
0.1674 0.4707 0.0191 0.3428
0.3044 0.1199 0.0540 0.5217

MOTIF filter1
letter-probability matrix: alength= 4 w= 7 nsites= 114641
0.0900 0.0556 0.3418 0.5126
0.2933 0.4676 0.1473 0.0918
0.6407 0.0919 0.1450 0.1224
0.3256 0.0346 0.5820 0.0578
0.4031 0.0798 0.3949 0.1222
0.1692 0.1171 0.3064 0.4073
0.1250 0.3127 0.4198 0.1425

MOTIF filter2
letter-probability matrix: alength= 4 w= 7 nsites= 154542
0.2152 0.3791 0.0020 0.4037
0.4804 0.2914 0.0945 0.1337
0.2129 0.4048 0.2251 0.1572
0.4686 0.1547 0.2316 0.1451
0.1550 0.3393 0.3914 0.1144
0.5088 0.2641 0.1413 0.0858
0.6370 0.2119 0.0993 0.0517

MOTIF filter3
letter-probability matrix: alength= 4 w= 7 nsites= 74077
0.1061 0.3219 0.0013 0.5707
0.2651 0.1461 0.0490 0.5399
0.0841 0.0034 0.8975 0.0150
0.3970 0.1007 0.3643 0.1380
0.2292 0.1171 0.5670 0.0867
0.4020 0.2471 0.1964 0.1544
0.2897 0.1777 0.1420 0.3905

MOTIF filter4
letter-probability matrix: alength= 4 w= 7 nsites= 53573
0.5760 0.0474 0.3177 0.0589
0.0820 0.0190 0.1264 0.7726
0.0485 0.5595 0.2023 0.1897
0.5150 0.1030 0.2830 0.0991
0.0158 0.3295 0.1541 0.5006
0.3707 0.0484 0.4684 0.1125
0.0903 0.2640 0.5967 0.0490

MOTIF filter5
letter-probability matrix: alength= 4 w= 7 nsites= 48917
0.5958 0.0591 0.2623 0.0827
0.0916 0.7421 0.0587 0.1075
0.1500 0.0169 0.0589 0.7742
0.2427 0.0284 0.4652 0.2637
0.0296 0.2314 0.0140 0.7249
0.8502 0.0225 0.0263 0.1010
0.5522 0.1774 0.0584 0.2120

MOTIF filter6
letter-probability matrix: alength= 4 w= 7 nsites= 653816
0.2951 0.1984 0.2275 0.2790
0.3001 0.2052 0.1950 0.2996
0.2938 0.1820 0.2191 0.3052
0.3010 0.1961 0.1939 0.3091
0.2881 0.1945 0.2049 0.3125
0.2878 0.1950 0.2122 0.3050
0.2935 0.1941 0.2076 0.3047

MOTIF filter7
letter-probability matrix: alength= 4 w= 7 nsites= 110446
0.4880 0.1322 0.3292 0.0505
0.5901 0.2944 0.1131 0.0024
0.5679 0.1209 0.3111 0.0001
0.0613 0.3436 0.5951 0.0000
0.3972 0.3718 0.0717 0.1593
0.1997 0.1302 0.5464 0.1237
0.4400 0.1172 0.1221 0.3207

MOTIF filter8
letter-probability matrix: alength= 4 w= 7 nsites= 165330
0.2603 0.1326 0.0012 0.6059
0.0000 0.0975 0.9013 0.0012
0.3767 0.3527 0.2308 0.0398
0.7533 0.0040 0.0071 0.2356
0.2586 0.1723 0.3314 0.2377
0.3304 0.3480 0.1782 0.1434
0.3420 0.1714 0.1911 0.2956

MOTIF filter9
letter-probability matrix: alength= 4 w= 7 nsites= 135361
0.0384 0.2319 0.0084 0.7213
0.4176 0.1695 0.3458 0.0672
0.0575 0.0000 0.5810 0.3616
0.0018 0.1647 0.2548 0.5787
0.0058 0.3340 0.2923 0.3679
0.1244 0.4249 0.1009 0.3498
0.0581 0.2077 0.1918 0.5425

MOTIF filter10
letter-probability matrix: alength= 4 w= 7 nsites= 166323
0.0375 0.3572 0.2256 0.3798
0.0212 0.5017 0.1737 0.3034
0.1070 0.4002 0.1066 0.3863
0.1603 0.2659 0.1967 0.3771
0.1869 0.2588 0.2119 0.3424
0.2117 0.2807 0.3093 0.1983
0.2648 0.1805 0.2142 0.3405

MOTIF filter11
letter-probability matrix: alength= 4 w= 7 nsites= 227693
0.3649 0.0366 0.0738 0.5248
0.3143 0.0008 0.1221 0.5628
0.1365 0.0268 0.7248 0.1119
0.6746 0.0000 0.0479 0.2775
0.3419 0.0000 0.3480 0.3100
0.6072 0.0086 0.0272 0.3570
0.3053 0.1314 0.2219 0.3414

MOTIF filter12
letter-probability matrix: alength= 4 w= 7 nsites= 124510
0.3192 0.0971 0.2184 0.3653
0.0591 0.0007 0.0747 0.8655
0.0804 0.2405 0.1000 0.5792
0.1516 0.0401 0.1656 0.6427
0.3668 0.1553 0.2181 0.2598
0.2298 0.2204 0.1903 0.3594
0.4397 0.0746 0.2467 0.2391

MOTIF filter13
letter-probability matrix: alength= 4 w= 7 nsites= 83733
0.4055 0.2582 0.1752 0.1611
0.1791 0.3842 0.1420 0.2948
0.0744 0.0952 0.1786 0.6518
0.2142 0.0218 0.4823 0.2817
0.2100 0.7056 0.0097 0.0747
0.3274 0.0735 0.0016 0.5974
0.0413 0.1693 0.6647 0.1248

MOTIF filter14
letter-probability matrix: alength= 4 w= 7 nsites= 109229
0.0289 0.4569 0.0072 0.5071
0.2525 0.0194 0.3023 0.4259
0.1786 0.4462 0.2272 0.1480
0.1620 0.2754 0.1915 0.3711
0.2930 0.1007 0.1154 0.4908
0.2976 0.1383 0.2601 0.3040
0.2924 0.1997 0.2961 0.2117

MOTIF filter15
letter-probability matrix: alength= 4 w= 7 nsites= 149616
0.3558 0.4413 0.0151 0.1879
0.0129 0.1820 0.0000 0.8051
0.7240 0.0413 0.0082 0.2266
0.1792 0.1794 0.0133 0.6281
0.3782 0.2527 0.1277 0.2414
0.2074 0.2219 0.0571 0.5137
0.2360 0.2855 0.0785 0.4001

