MEME version 4

ALPHABET= ACGU

Background letter frequencies:
A 0.2749 C 0.2085 G 0.2137 U 0.3028

MOTIF filter0
letter-probability matrix: alength= 4 w= 7 nsites= 77292
0.3902 0.4733 0.0663 0.0701
0.3415 0.0216 0.1002 0.5367
0.1275 0.3912 0.0328 0.4484
0.5547 0.1829 0.0436 0.2188
0.3149 0.3091 0.0745 0.3015
0.4731 0.1588 0.2633 0.1048
0.2138 0.2841 0.2828 0.2193

MOTIF filter1
letter-probability matrix: alength= 4 w= 7 nsites= 109345
0.4327 0.0668 0.0002 0.5003
0.4425 0.0449 0.2262 0.2864
0.0621 0.0638 0.3456 0.5285
0.1884 0.2690 0.1758 0.3668
0.1360 0.1455 0.0279 0.6906
0.2318 0.1543 0.0676 0.5464
0.7391 0.0759 0.0096 0.1754

MOTIF filter2
letter-probability matrix: alength= 4 w= 7 nsites= 59305
0.2226 0.1899 0.1336 0.4539
0.0421 0.3806 0.4016 0.1757
0.2479 0.2600 0.2068 0.2854
0.0291 0.1786 0.7637 0.0286
0.0414 0.1186 0.2068 0.6332
0.0928 0.1454 0.4365 0.3253
0.1089 0.0355 0.2132 0.6424

MOTIF filter3
letter-probability matrix: alength= 4 w= 7 nsites= 54776
0.5090 0.1298 0.2847 0.0766
0.0143 0.0805 0.8977 0.0075
0.0337 0.7778 0.1700 0.0185
0.0255 0.7399 0.0151 0.2195
0.3718 0.0932 0.0719 0.4630
0.0837 0.1057 0.6950 0.1156
0.1859 0.4032 0.2608 0.1501

MOTIF filter4
letter-probability matrix: alength= 4 w= 7 nsites= 111363
0.0147 0.0151 0.9342 0.0360
0.6203 0.0410 0.2590 0.0797
0.1146 0.0569 0.6001 0.2285
0.6376 0.0978 0.0462 0.2184
0.3681 0.2312 0.0479 0.3527
0.3361 0.1649 0.2077 0.2913
0.4429 0.0554 0.3685 0.1332

MOTIF filter5
letter-probability matrix: alength= 4 w= 7 nsites= 143133
0.3097 0.0443 0.1873 0.4586
0.3076 0.0067 0.0060 0.6797
0.3774 0.0082 0.1694 0.4450
0.2937 0.0017 0.0071 0.6975
0.0155 0.0000 0.9672 0.0173
0.4554 0.1430 0.0335 0.3682
0.2891 0.1594 0.1865 0.3650

MOTIF filter6
letter-probability matrix: alength= 4 w= 7 nsites= 47820
0.1776 0.6381 0.0146 0.1696
0.5506 0.1366 0.0665 0.2464
0.1931 0.3236 0.1863 0.2970
0.1442 0.5739 0.0774 0.2045
0.5401 0.2170 0.0313 0.2115
0.4332 0.1071 0.0082 0.4515
0.1400 0.6281 0.0308 0.2012

MOTIF filter7
letter-probability matrix: alength= 4 w= 7 nsites= 69286
0.0549 0.7362 0.0079 0.2010
0.3209 0.4248 0.0142 0.2401
0.5825 0.0131 0.2166 0.1878
0.0321 0.5346 0.0075 0.4257
0.6805 0.0358 0.0006 0.2831
0.1958 0.7842 0.0001 0.0198
0.2538 0.3882 0.0080 0.3500

MOTIF filter8
letter-probability matrix: alength= 4 w= 7 nsites= 120671
0.2324 0.3018 0.0000 0.4657
0.1065 0.2574 0.0000 0.6361
0.4013 0.1996 0.0772 0.3219
0.4577 0.2474 0.0847 0.2102
0.1361 0.1732 0.0662 0.6245
0.1627 0.2292 0.4983 0.1098
0.0337 0.2210 0.5193 0.2260

MOTIF filter9
letter-probability matrix: alength= 4 w= 7 nsites= 33014
0.4119 0.0366 0.3309 0.2205
0.2329 0.0974 0.1817 0.4879
0.3321 0.3910 0.1867 0.0901
0.1372 0.2582 0.4816 0.1230
0.1188 0.2262 0.3610 0.2939
0.1239 0.2247 0.6240 0.0274
0.3265 0.0598 0.4627 0.1510

MOTIF filter10
letter-probability matrix: alength= 4 w= 7 nsites= 74818
0.1006 0.2794 0.3755 0.2445
0.5037 0.0152 0.0862 0.3948
0.1134 0.4136 0.0319 0.4411
0.3208 0.2255 0.0498 0.4039
0.5926 0.2123 0.0859 0.1092
0.2006 0.3462 0.0040 0.4492
0.2292 0.2654 0.2318 0.2736

MOTIF filter11
letter-probability matrix: alength= 4 w= 7 nsites= 284612
0.4323 0.0614 0.0615 0.4448
0.3858 0.0411 0.0000 0.5731
0.4564 0.1518 0.0012 0.3906
0.1309 0.0409 0.0020 0.8262
0.2982 0.1997 0.0742 0.4278
0.3408 0.1263 0.0473 0.4856
0.2492 0.1183 0.1200 0.5125

MOTIF filter12
letter-probability matrix: alength= 4 w= 7 nsites= 78322
0.3949 0.0620 0.5342 0.0090
0.6815 0.1822 0.1150 0.0213
0.3063 0.3312 0.1955 0.1670
0.5754 0.0560 0.1995 0.1690
0.1655 0.0759 0.5552 0.2034
0.2416 0.1692 0.3177 0.2716
0.5313 0.1418 0.1690 0.1579

MOTIF filter13
letter-probability matrix: alength= 4 w= 7 nsites= 70940
0.1077 0.2192 0.2070 0.4661
0.1392 0.1430 0.6115 0.1063
0.1641 0.0210 0.6919 0.1229
0.0921 0.0158 0.8731 0.0190
0.1352 0.3262 0.4293 0.1092
0.0709 0.2577 0.3572 0.3141
0.1161 0.4828 0.2492 0.1520

MOTIF filter14
letter-probability matrix: alength= 4 w= 7 nsites= 75752
0.0253 0.0253 0.9460 0.0034
0.2881 0.4584 0.0690 0.1844
0.4885 0.1571 0.0123 0.3421
0.2803 0.0765 0.5570 0.0862
0.5925 0.0852 0.0658 0.2564
0.1227 0.0823 0.7394 0.0556
0.5289 0.2319 0.0240 0.2152

MOTIF filter15
letter-probability matrix: alength= 4 w= 7 nsites= 97896
0.5252 0.1081 0.1883 0.1784
0.0123 0.6860 0.0222 0.2795
0.3456 0.0149 0.0218 0.6177
0.1034 0.2535 0.0149 0.6282
0.4121 0.2146 0.0022 0.3711
0.5284 0.2434 0.0134 0.2147
0.5514 0.1561 0.2054 0.0870

