MEME version 4

ALPHABET= ACGU

Background letter frequencies:
A 0.2525 C 0.2149 G 0.2142 U 0.3184

MOTIF filter0
letter-probability matrix: alength= 4 w= 7 nsites= 135879
0.4764 0.0539 0.3698 0.0999
0.6190 0.0915 0.2895 0.0000
0.0488 0.2349 0.4761 0.2401
0.2641 0.0011 0.0326 0.7022
0.3322 0.0039 0.6599 0.0041
0.5330 0.1107 0.3020 0.0544
0.3628 0.1940 0.3623 0.0809

MOTIF filter1
letter-probability matrix: alength= 4 w= 7 nsites= 100120
0.0059 0.1407 0.0103 0.8431
0.0570 0.0078 0.0020 0.9331
0.3120 0.3491 0.2237 0.1152
0.8434 0.1362 0.0201 0.0003
0.3304 0.1326 0.3220 0.2150
0.5066 0.1631 0.0971 0.2333
0.0845 0.2231 0.1495 0.5429

MOTIF filter2
letter-probability matrix: alength= 4 w= 7 nsites= 52185
0.5019 0.1269 0.1432 0.2279
0.2213 0.1306 0.5493 0.0988
0.4024 0.0430 0.2942 0.2604
0.1299 0.1046 0.4318 0.3336
0.1579 0.1055 0.0285 0.7081
0.0770 0.2280 0.0053 0.6897
0.8687 0.1289 0.0024 0.0000

MOTIF filter3
letter-probability matrix: alength= 4 w= 7 nsites= 152240
0.0292 0.0297 0.0681 0.8730
0.0325 0.1421 0.0749 0.7504
0.0679 0.0649 0.0423 0.8249
0.0595 0.1074 0.0591 0.7740
0.0103 0.0957 0.0548 0.8391
0.0187 0.0941 0.0501 0.8371
0.0628 0.0637 0.0978 0.7758

MOTIF filter4
letter-probability matrix: alength= 4 w= 7 nsites= 71698
0.6428 0.0887 0.2533 0.0152
0.6675 0.0605 0.0150 0.2570
0.7580 0.0750 0.1367 0.0302
0.3871 0.0368 0.3604 0.2157
0.1443 0.0191 0.1397 0.6968
0.5145 0.2640 0.2111 0.0103
0.7218 0.0348 0.1095 0.1338

MOTIF filter5
letter-probability matrix: alength= 4 w= 7 nsites= 125724
0.1587 0.5455 0.2523 0.0436
0.5693 0.0267 0.1811 0.2229
0.0199 0.3251 0.6197 0.0352
0.3340 0.3019 0.0594 0.3048
0.2984 0.5584 0.1138 0.0294
0.2884 0.3891 0.0874 0.2350
0.1862 0.5336 0.1209 0.1593

MOTIF filter6
letter-probability matrix: alength= 4 w= 7 nsites= 32353
0.1884 0.5611 0.1539 0.0966
0.8561 0.0069 0.0169 0.1201
0.0086 0.8260 0.0456 0.1199
0.1669 0.0610 0.0333 0.7388
0.0710 0.2384 0.2054 0.4853
0.0301 0.2584 0.0575 0.6540
0.2941 0.1238 0.1349 0.4472

MOTIF filter7
letter-probability matrix: alength= 4 w= 7 nsites= 113979
0.0465 0.3083 0.6452 0.0000
0.1502 0.1469 0.3788 0.3241
0.0986 0.3950 0.3485 0.1578
0.1279 0.8286 0.0433 0.0002
0.4296 0.2899 0.0272 0.2533
0.0289 0.5845 0.0226 0.3639
0.0984 0.4013 0.2833 0.2170

MOTIF filter8
letter-probability matrix: alength= 4 w= 7 nsites= 95629
0.0875 0.6617 0.1482 0.1026
0.2663 0.3629 0.0117 0.3590
0.2424 0.3145 0.4418 0.0014
0.0713 0.1567 0.1066 0.6654
0.1407 0.5598 0.2654 0.0341
0.3512 0.0669 0.1140 0.4680
0.0560 0.2348 0.5648 0.1445

MOTIF filter9
letter-probability matrix: alength= 4 w= 7 nsites= 107092
0.0293 0.0140 0.0195 0.9372
0.0762 0.0009 0.1334 0.7895
0.0576 0.1452 0.0204 0.7768
0.2142 0.0927 0.1725 0.5207
0.2221 0.1715 0.0562 0.5503
0.2533 0.2553 0.1764 0.3150
0.3411 0.1963 0.2163 0.2463

MOTIF filter10
letter-probability matrix: alength= 4 w= 7 nsites= 57747
0.3992 0.0154 0.5151 0.0703
0.2738 0.0002 0.6332 0.0928
0.1294 0.0027 0.3541 0.5138
0.5392 0.0041 0.4490 0.0077
0.0609 0.1578 0.7807 0.0005
0.1958 0.1515 0.1398 0.5129
0.0059 0.0392 0.5778 0.3772

MOTIF filter11
letter-probability matrix: alength= 4 w= 7 nsites= 41627
0.1279 0.0019 0.5737 0.2965
0.0284 0.5393 0.4247 0.0076
0.0020 0.0445 0.0248 0.9286
0.3527 0.0005 0.5024 0.1444
0.2181 0.0485 0.6816 0.0518
0.2993 0.1563 0.2295 0.3149
0.5516 0.2352 0.0245 0.1888

MOTIF filter12
letter-probability matrix: alength= 4 w= 7 nsites= 100112
0.1688 0.2651 0.1770 0.3891
0.1167 0.6060 0.2115 0.0658
0.4803 0.0976 0.0034 0.4187
0.1460 0.3937 0.4430 0.0173
0.0912 0.4934 0.0837 0.3317
0.0557 0.0070 0.0921 0.8452
0.4190 0.1691 0.4003 0.0116

MOTIF filter13
letter-probability matrix: alength= 4 w= 7 nsites= 120249
0.2507 0.0133 0.0139 0.7220
0.2569 0.2515 0.3161 0.1755
0.6643 0.0273 0.2554 0.0530
0.2193 0.1318 0.5640 0.0849
0.4070 0.2353 0.3378 0.0199
0.3823 0.2823 0.1531 0.1823
0.3293 0.3202 0.1951 0.1553

MOTIF filter14
letter-probability matrix: alength= 4 w= 7 nsites= 290994
0.1986 0.1627 0.1165 0.5223
0.1819 0.1151 0.0924 0.6105
0.1280 0.0836 0.0789 0.7096
0.0069 0.0009 0.0007 0.9915
0.0014 0.0000 0.0000 0.9986
0.0040 0.0392 0.0016 0.9552
0.0767 0.0664 0.1343 0.7226

MOTIF filter15
letter-probability matrix: alength= 4 w= 7 nsites= 124622
0.4684 0.2319 0.2874 0.0123
0.1186 0.0078 0.0434 0.8301
0.3423 0.1398 0.5148 0.0031
0.1940 0.0922 0.3140 0.3999
0.2512 0.4069 0.2690 0.0729
0.1878 0.3325 0.1416 0.3381
0.1734 0.2896 0.2636 0.2733

