MEME version 4

ALPHABET= ACGU

Background letter frequencies:
A 0.2708 C 0.2102 G 0.2167 U 0.3023

MOTIF filter0
letter-probability matrix: alength= 4 w= 7 nsites= 234752
0.1186 0.2996 0.4200 0.1619
0.1460 0.8400 0.0000 0.0141
0.1508 0.5429 0.0000 0.3063
0.4539 0.2834 0.0000 0.2626
0.3182 0.3299 0.0178 0.3341
0.4090 0.3293 0.0327 0.2290
0.3127 0.3879 0.0034 0.2960

MOTIF filter1
letter-probability matrix: alength= 4 w= 7 nsites= 117898
0.1434 0.2040 0.0279 0.6247
0.0822 0.0654 0.4970 0.3553
0.0299 0.0019 0.1535 0.8147
0.0011 0.0852 0.2911 0.6226
0.0002 0.2772 0.0772 0.6454
0.0278 0.1892 0.0372 0.7458
0.0940 0.1299 0.1408 0.6353

MOTIF filter2
letter-probability matrix: alength= 4 w= 7 nsites= 47320
0.6393 0.0079 0.3168 0.0360
0.1480 0.0480 0.7972 0.0068
0.0772 0.0290 0.5204 0.3733
0.0240 0.7292 0.1211 0.1257
0.1128 0.1140 0.3225 0.4507
0.1212 0.7620 0.0912 0.0256
0.2895 0.1816 0.2284 0.3004

MOTIF filter3
letter-probability matrix: alength= 4 w= 7 nsites= 92681
0.5119 0.0030 0.0766 0.4085
0.3839 0.2221 0.0372 0.3567
0.1271 0.0778 0.0022 0.7929
0.1659 0.2876 0.0772 0.4692
0.2823 0.0309 0.0322 0.6546
0.3058 0.1555 0.2591 0.2796
0.0961 0.2496 0.1495 0.5048

MOTIF filter4
letter-probability matrix: alength= 4 w= 7 nsites= 36003
0.0746 0.8453 0.0111 0.0690
0.3072 0.0107 0.0648 0.6172
0.5728 0.0337 0.0172 0.3763
0.0203 0.5341 0.0572 0.3884
0.1627 0.0480 0.5266 0.2626
0.1761 0.1389 0.0420 0.6429
0.1741 0.2303 0.2880 0.3076

MOTIF filter5
letter-probability matrix: alength= 4 w= 7 nsites= 204730
0.4387 0.0033 0.1988 0.3591
0.8417 0.0000 0.0259 0.1323
0.4062 0.0048 0.5793 0.0097
0.4613 0.0000 0.3672 0.1714
0.3666 0.0438 0.0810 0.5086
0.4442 0.0646 0.1857 0.3055
0.3554 0.0672 0.2356 0.3418

MOTIF filter6
letter-probability matrix: alength= 4 w= 7 nsites= 48859
0.0742 0.5028 0.2780 0.1450
0.2297 0.1862 0.4354 0.1487
0.0333 0.0353 0.9208 0.0106
0.0299 0.0648 0.8973 0.0080
0.3879 0.1170 0.1105 0.3846
0.4812 0.2092 0.0048 0.3049
0.2688 0.1941 0.0491 0.4880

MOTIF filter7
letter-probability matrix: alength= 4 w= 7 nsites= 62711
0.8061 0.0277 0.0475 0.1187
0.0023 0.5372 0.3491 0.1115
0.0601 0.7416 0.1392 0.0591
0.1362 0.5142 0.0054 0.3442
0.3031 0.1930 0.2665 0.2373
0.2524 0.0414 0.5704 0.1358
0.0377 0.2196 0.4810 0.2617

MOTIF filter8
letter-probability matrix: alength= 4 w= 7 nsites= 706065
0.3107 0.0731 0.2275 0.3887
0.0000 0.0000 1.0000 0.0000
0.3716 0.2834 0.0000 0.3450
0.3018 0.2131 0.1973 0.2878
0.2813 0.2124 0.2081 0.2982
0.2807 0.2358 0.1731 0.3105
0.2721 0.2226 0.1830 0.3224

MOTIF filter9
letter-probability matrix: alength= 4 w= 7 nsites= 46732
0.9808 0.0080 0.0063 0.0049
0.0294 0.5580 0.0001 0.4124
0.0853 0.1735 0.5634 0.1777
0.0897 0.0903 0.6949 0.1250
0.1647 0.0700 0.4350 0.3302
0.1585 0.2901 0.3356 0.2158
0.2752 0.2473 0.2944 0.1830

MOTIF filter10
letter-probability matrix: alength= 4 w= 7 nsites= 268973
0.3646 0.3144 0.1003 0.2207
0.4040 0.0857 0.1046 0.4058
0.0000 0.0000 1.0000 0.0000
0.3371 0.2176 0.0000 0.4454
0.4081 0.2016 0.0399 0.3504
0.1299 0.1895 0.4245 0.2560
0.3578 0.2471 0.0801 0.3150

MOTIF filter11
letter-probability matrix: alength= 4 w= 7 nsites= 48050
0.5391 0.0450 0.0231 0.3927
0.2183 0.0046 0.0158 0.7613
0.3005 0.1594 0.3938 0.1463
0.0383 0.5838 0.2993 0.0785
0.0393 0.5711 0.2208 0.1688
0.5130 0.0292 0.4185 0.0394
0.0098 0.4609 0.4963 0.0330

MOTIF filter12
letter-probability matrix: alength= 4 w= 7 nsites= 60384
0.2943 0.4906 0.0501 0.1650
0.4698 0.0226 0.0062 0.5015
0.0909 0.1164 0.7857 0.0069
0.6019 0.0461 0.3206 0.0314
0.1348 0.5172 0.1910 0.1570
0.7009 0.0926 0.1008 0.1058
0.0461 0.0727 0.4522 0.4290

MOTIF filter13
letter-probability matrix: alength= 4 w= 7 nsites= 78494
0.0381 0.2412 0.3173 0.4034
0.2297 0.1132 0.0377 0.6194
0.4848 0.1511 0.1733 0.1908
0.5300 0.2578 0.2097 0.0025
0.5379 0.1356 0.2613 0.0652
0.2355 0.0065 0.7393 0.0188
0.4758 0.0924 0.3621 0.0696

MOTIF filter14
letter-probability matrix: alength= 4 w= 7 nsites= 100131
0.6857 0.1409 0.1419 0.0314
0.0039 0.0266 0.9695 0.0000
0.2711 0.4878 0.2136 0.0276
0.4353 0.3473 0.1783 0.0391
0.1984 0.3971 0.3426 0.0620
0.2545 0.5172 0.1409 0.0875
0.1548 0.5005 0.1945 0.1503

MOTIF filter15
letter-probability matrix: alength= 4 w= 7 nsites= 85829
0.2284 0.1512 0.3012 0.3192
0.9223 0.0077 0.0434 0.0266
0.1170 0.0429 0.4786 0.3616
0.2937 0.4030 0.0051 0.2982
0.5075 0.2867 0.0378 0.1679
0.0822 0.4798 0.0028 0.4352
0.4565 0.3945 0.0862 0.0627

