MEME version 4

ALPHABET= ACGU

Background letter frequencies:
A 0.2715 C 0.1999 G 0.2201 U 0.3085

MOTIF filter0
letter-probability matrix: alength= 4 w= 7 nsites= 250774
0.6728 0.1131 0.0000 0.2140
0.9620 0.0011 0.0000 0.0369
0.7055 0.0456 0.0000 0.2489
0.5075 0.0554 0.1283 0.3088
0.3295 0.1450 0.2185 0.3070
0.5295 0.1217 0.0596 0.2891
0.4440 0.1139 0.0735 0.3687

MOTIF filter1
letter-probability matrix: alength= 4 w= 7 nsites= 74487
0.1914 0.4895 0.1093 0.2098
0.2948 0.1961 0.0107 0.4984
0.5729 0.0560 0.0428 0.3282
0.2622 0.5539 0.0098 0.1741
0.0622 0.5509 0.0002 0.3866
0.0488 0.1876 0.0002 0.7633
0.3167 0.5894 0.0260 0.0679

MOTIF filter2
letter-probability matrix: alength= 4 w= 7 nsites= 537853
0.2808 0.2543 0.1363 0.3286
0.2694 0.2896 0.1586 0.2824
0.3520 0.0469 0.0515 0.5496
0.0000 0.0000 1.0000 0.0000
0.3062 0.2149 0.0003 0.4786
0.2795 0.1364 0.1739 0.4102
0.2956 0.1488 0.1895 0.3661

MOTIF filter3
letter-probability matrix: alength= 4 w= 7 nsites= 313176
0.4013 0.0677 0.1864 0.3446
0.2614 0.0381 0.4970 0.2035
0.0000 0.0000 1.0000 0.0000
0.4846 0.2141 0.0000 0.3013
0.3246 0.1227 0.0947 0.4581
0.1511 0.0253 0.5242 0.2994
0.2740 0.1586 0.2316 0.3359

MOTIF filter4
letter-probability matrix: alength= 4 w= 7 nsites= 39808
0.0324 0.0213 0.8203 0.1260
0.1304 0.6294 0.2386 0.0016
0.0991 0.6244 0.0860 0.1905
0.1772 0.3354 0.0188 0.4685
0.3470 0.0832 0.5339 0.0360
0.2692 0.0732 0.5783 0.0792
0.0207 0.3261 0.6407 0.0125

MOTIF filter5
letter-probability matrix: alength= 4 w= 7 nsites= 79742
0.4675 0.1049 0.0000 0.4276
0.0950 0.1965 0.0004 0.7081
0.3584 0.0962 0.0006 0.5447
0.4113 0.2109 0.0018 0.3759
0.3609 0.0659 0.1015 0.4716
0.2563 0.2141 0.0419 0.4877
0.2582 0.3340 0.0195 0.3883

MOTIF filter6
letter-probability matrix: alength= 4 w= 7 nsites= 609693
0.2763 0.2878 0.1165 0.3193
0.2833 0.0702 0.1488 0.4977
0.0000 0.0000 1.0000 0.0000
0.3734 0.2194 0.1747 0.2324
0.5196 0.2721 0.0070 0.2013
0.2682 0.2395 0.2628 0.2295
0.3114 0.1677 0.1808 0.3401

MOTIF filter7
letter-probability matrix: alength= 4 w= 7 nsites= 108406
0.5275 0.0267 0.2181 0.2277
0.3279 0.1442 0.1412 0.3867
0.1358 0.3389 0.0974 0.4279
0.0507 0.1893 0.3170 0.4430
0.5527 0.0022 0.2715 0.1736
0.0767 0.2412 0.0041 0.6779
0.0083 0.0856 0.0035 0.9025

MOTIF filter8
letter-probability matrix: alength= 4 w= 7 nsites= 35755
0.1629 0.2896 0.3641 0.1834
0.0003 0.9158 0.0222 0.0617
0.0269 0.3080 0.0192 0.6459
0.4962 0.3996 0.0966 0.0076
0.2914 0.1189 0.5882 0.0016
0.0478 0.2714 0.5536 0.1272
0.1020 0.7207 0.1313 0.0459

MOTIF filter9
letter-probability matrix: alength= 4 w= 7 nsites= 119228
0.1017 0.4172 0.0227 0.4584
0.1490 0.2686 0.1410 0.4414
0.2470 0.1513 0.1439 0.4578
0.3898 0.0316 0.0000 0.5786
0.3981 0.1907 0.1932 0.2180
0.3795 0.0396 0.2201 0.3609
0.0000 0.0007 0.9993 0.0000

MOTIF filter10
letter-probability matrix: alength= 4 w= 7 nsites= 19701
0.1174 0.7439 0.0170 0.1217
0.6167 0.1019 0.0056 0.2758
0.3291 0.1280 0.0701 0.4728
0.2196 0.7369 0.0320 0.0115
0.2148 0.0595 0.1764 0.5494
0.0237 0.0306 0.6913 0.2544
0.0008 0.0040 0.9796 0.0155

MOTIF filter11
letter-probability matrix: alength= 4 w= 7 nsites= 126807
0.3415 0.0402 0.2809 0.3374
0.0871 0.0670 0.3122 0.5338
0.2633 0.1452 0.3587 0.2327
0.2708 0.1499 0.2488 0.3305
0.1851 0.0081 0.6465 0.1603
0.0539 0.0088 0.7445 0.1928
0.0214 0.0007 0.9564 0.0215

MOTIF filter12
letter-probability matrix: alength= 4 w= 7 nsites= 61226
0.0000 0.2114 0.6879 0.1006
0.4479 0.4476 0.0843 0.0202
0.0852 0.1887 0.3773 0.3488
0.1611 0.3642 0.4128 0.0619
0.2464 0.1286 0.5716 0.0535
0.1533 0.2526 0.5504 0.0437
0.2131 0.4239 0.2375 0.1255

MOTIF filter13
letter-probability matrix: alength= 4 w= 7 nsites= 32836
0.4379 0.0099 0.3025 0.2497
0.0000 0.8937 0.0757 0.0305
0.0294 0.9564 0.0140 0.0002
0.0007 0.3604 0.0051 0.6337
0.1073 0.6083 0.2157 0.0687
0.2496 0.3706 0.3593 0.0205
0.0206 0.3432 0.2824 0.3538

MOTIF filter14
letter-probability matrix: alength= 4 w= 7 nsites= 103811
0.2497 0.5185 0.2204 0.0115
0.1235 0.0420 0.0382 0.7963
0.0132 0.3184 0.6652 0.0033
0.5207 0.1189 0.3155 0.0449
0.2666 0.1753 0.4012 0.1568
0.4081 0.0907 0.4342 0.0670
0.2816 0.1542 0.3937 0.1705

MOTIF filter15
letter-probability matrix: alength= 4 w= 7 nsites= 35674
0.5793 0.0032 0.3498 0.0677
0.0436 0.2151 0.5980 0.1433
0.0628 0.7142 0.1542 0.0688
0.0115 0.1955 0.0004 0.7926
0.2964 0.3157 0.3838 0.0041
0.6539 0.0553 0.2874 0.0034
0.1248 0.0452 0.6422 0.1878

