MEME version 4

ALPHABET= ACGU

Background letter frequencies:
A 0.2863 C 0.1917 G 0.2009 U 0.3211

MOTIF filter0
letter-probability matrix: alength= 4 w= 7 nsites= 40533
0.7620 0.0217 0.0008 0.2155
0.1321 0.5556 0.0090 0.3033
0.3779 0.3143 0.0016 0.3063
0.1129 0.6766 0.0007 0.2099
0.4501 0.1675 0.0901 0.2923
0.3258 0.1164 0.0533 0.5045
0.5032 0.1069 0.1885 0.2014

MOTIF filter1
letter-probability matrix: alength= 4 w= 7 nsites= 730802
0.0000 0.0000 1.0000 0.0000
0.3019 0.2850 0.0184 0.3948
0.2449 0.2250 0.2540 0.2761
0.2668 0.2152 0.2008 0.3171
0.1593 0.2666 0.2159 0.3583
0.2960 0.2154 0.1471 0.3414
0.2355 0.2100 0.2759 0.2786

MOTIF filter2
letter-probability matrix: alength= 4 w= 7 nsites= 20558
0.1065 0.1670 0.2607 0.4659
0.0072 0.0032 0.0110 0.9786
0.0341 0.5176 0.0940 0.3543
0.9512 0.0184 0.0011 0.0293
0.0168 0.8215 0.1603 0.0014
0.6872 0.0336 0.0552 0.2240
0.1978 0.4217 0.2301 0.1504

MOTIF filter3
letter-probability matrix: alength= 4 w= 7 nsites= 68612
0.3667 0.0010 0.4180 0.2143
0.0044 0.0005 0.9805 0.0146
0.1302 0.1243 0.6203 0.1252
0.2224 0.5859 0.1656 0.0261
0.2484 0.3848 0.2487 0.1181
0.2276 0.4206 0.2358 0.1160
0.0475 0.1667 0.4622 0.3236

MOTIF filter4
letter-probability matrix: alength= 4 w= 7 nsites= 51444
0.1257 0.5782 0.0945 0.2016
0.2040 0.0831 0.3760 0.3369
0.0291 0.0733 0.8850 0.0127
0.0531 0.1796 0.7671 0.0002
0.0410 0.6566 0.2774 0.0250
0.0887 0.4144 0.0697 0.4272
0.1386 0.5374 0.1853 0.1387

MOTIF filter5
letter-probability matrix: alength= 4 w= 7 nsites= 46083
0.1505 0.0193 0.7157 0.1145
0.2156 0.2667 0.3001 0.2176
0.2137 0.5348 0.0065 0.2450
0.1298 0.1499 0.0000 0.7203
0.6696 0.3023 0.0198 0.0084
0.6502 0.1924 0.0086 0.1488
0.0114 0.6278 0.0318 0.3290

MOTIF filter6
letter-probability matrix: alength= 4 w= 7 nsites= 139905
0.1728 0.0106 0.0000 0.8166
0.6218 0.3034 0.0001 0.0747
0.5841 0.1584 0.0011 0.2564
0.4173 0.1178 0.0357 0.4292
0.2201 0.1087 0.0011 0.6700
0.1638 0.2807 0.0138 0.5416
0.2140 0.3830 0.0950 0.3081

MOTIF filter7
letter-probability matrix: alength= 4 w= 7 nsites= 71554
0.0022 0.0117 0.9736 0.0126
0.6657 0.0000 0.3071 0.0272
0.2934 0.4197 0.0658 0.2211
0.6336 0.1665 0.0238 0.1762
0.4760 0.1832 0.0585 0.2823
0.2169 0.4706 0.1824 0.1301
0.3906 0.0949 0.0876 0.4269

MOTIF filter8
letter-probability matrix: alength= 4 w= 7 nsites= 54242
0.7066 0.0674 0.1035 0.1225
0.3388 0.0991 0.1981 0.3640
0.1749 0.0383 0.0010 0.7858
0.6997 0.1001 0.0067 0.1936
0.0929 0.4436 0.0351 0.4284
0.4558 0.0306 0.0009 0.5127
0.0852 0.6370 0.2033 0.0745

MOTIF filter9
letter-probability matrix: alength= 4 w= 7 nsites= 86355
0.0059 0.4044 0.0370 0.5527
0.1691 0.0922 0.1500 0.5887
0.1979 0.3101 0.4301 0.0619
0.0046 0.5251 0.2617 0.2086
0.3934 0.1021 0.1669 0.3377
0.0017 0.0096 0.9762 0.0125
0.1482 0.2547 0.3064 0.2906

MOTIF filter10
letter-probability matrix: alength= 4 w= 7 nsites= 74231
0.3187 0.2216 0.2309 0.2288
0.3195 0.1752 0.4878 0.0175
0.6203 0.0810 0.0888 0.2098
0.0539 0.0159 0.8580 0.0722
0.0161 0.0109 0.9481 0.0249
0.3539 0.3644 0.0242 0.2576
0.6196 0.1595 0.0411 0.1798

MOTIF filter11
letter-probability matrix: alength= 4 w= 7 nsites= 425500
0.2421 0.1594 0.2891 0.3094
0.3809 0.0280 0.0799 0.5112
0.0000 0.0000 0.9999 0.0001
0.4385 0.0683 0.0299 0.4632
0.4250 0.0231 0.3373 0.2146
0.3831 0.0972 0.2618 0.2579
0.3493 0.1241 0.1527 0.3739

MOTIF filter12
letter-probability matrix: alength= 4 w= 7 nsites= 77813
0.0626 0.4937 0.1547 0.2890
0.8746 0.0151 0.1030 0.0073
0.4583 0.3201 0.0044 0.2172
0.5471 0.3077 0.0010 0.1442
0.1972 0.1973 0.0026 0.6030
0.3218 0.1970 0.0048 0.4764
0.2334 0.5010 0.0021 0.2635

MOTIF filter13
letter-probability matrix: alength= 4 w= 7 nsites= 107504
0.1761 0.0210 0.0056 0.7974
0.5494 0.0218 0.0072 0.4215
0.4547 0.2970 0.0010 0.2472
0.5205 0.0941 0.0971 0.2883
0.7163 0.2197 0.0160 0.0481
0.4645 0.1799 0.1539 0.2016
0.4096 0.0607 0.3533 0.1764

MOTIF filter14
letter-probability matrix: alength= 4 w= 7 nsites= 327278
0.2242 0.3105 0.1009 0.3644
0.1497 0.3780 0.1928 0.2795
0.4406 0.0721 0.0190 0.4684
0.0000 0.0000 1.0000 0.0000
0.2650 0.3609 0.0000 0.3741
0.3004 0.2425 0.1374 0.3197
0.2174 0.2756 0.0552 0.4518

MOTIF filter15
letter-probability matrix: alength= 4 w= 7 nsites= 52391
0.0690 0.0035 0.9060 0.0215
0.4694 0.1433 0.0317 0.3556
0.4096 0.0135 0.0073 0.5697
0.0284 0.0212 0.9301 0.0203
0.4201 0.3109 0.0747 0.1943
0.5743 0.1415 0.1711 0.1131
0.5333 0.1114 0.1042 0.2511

