MEME version 4

ALPHABET= ACGU

Background letter frequencies:
A 0.2855 C 0.1788 G 0.1785 U 0.3572

MOTIF filter0
letter-probability matrix: alength= 4 w= 7 nsites= 29465
0.0954 0.8503 0.0516 0.0027
0.2020 0.1287 0.0220 0.6473
0.0522 0.1817 0.3511 0.4150
0.5569 0.1531 0.1015 0.1885
0.0668 0.2886 0.5553 0.0892
0.2192 0.5151 0.0618 0.2039
0.1274 0.4764 0.0687 0.3275

MOTIF filter1
letter-probability matrix: alength= 4 w= 7 nsites= 30504
0.1888 0.1785 0.6257 0.0070
0.4981 0.0825 0.0307 0.3887
0.1224 0.0980 0.4238 0.3558
0.3660 0.2620 0.2403 0.1317
0.0682 0.0120 0.0084 0.9115
0.0648 0.0159 0.0211 0.8983
0.4548 0.2504 0.1543 0.1404

MOTIF filter2
letter-probability matrix: alength= 4 w= 7 nsites= 64077
0.0391 0.8058 0.0000 0.1551
0.4353 0.1992 0.0096 0.3559
0.2811 0.1738 0.0189 0.5262
0.5647 0.1969 0.0230 0.2154
0.4108 0.2036 0.2001 0.1855
0.5066 0.0809 0.0988 0.3138
0.0382 0.1277 0.0601 0.7740

MOTIF filter3
letter-probability matrix: alength= 4 w= 7 nsites= 68725
0.2448 0.0018 0.1674 0.5859
0.5090 0.0677 0.1001 0.3232
0.4500 0.1718 0.1010 0.2771
0.3155 0.0138 0.2505 0.4202
0.0042 0.0000 0.9233 0.0725
0.4596 0.1115 0.0505 0.3784
0.5116 0.2641 0.1040 0.1203

MOTIF filter4
letter-probability matrix: alength= 4 w= 7 nsites= 51762
0.0120 0.1472 0.0138 0.8270
0.6323 0.0237 0.2922 0.0518
0.5517 0.0621 0.1111 0.2751
0.2324 0.1674 0.0856 0.5147
0.0105 0.3094 0.3536 0.3266
0.1558 0.3444 0.1143 0.3855
0.6768 0.2455 0.0405 0.0373

MOTIF filter5
letter-probability matrix: alength= 4 w= 7 nsites= 57847
0.1618 0.2572 0.2104 0.3705
0.3601 0.1150 0.0462 0.4787
0.0839 0.0447 0.5274 0.3441
0.6998 0.0862 0.0879 0.1261
0.2093 0.3710 0.3802 0.0395
0.8777 0.0470 0.0330 0.0424
0.0540 0.0164 0.0217 0.9078

MOTIF filter6
letter-probability matrix: alength= 4 w= 7 nsites= 117488
0.0000 0.0000 1.0000 0.0000
0.2984 0.2226 0.0602 0.4188
0.3163 0.2650 0.1081 0.3106
0.3577 0.2890 0.0549 0.2984
0.2333 0.3375 0.0618 0.3675
0.4488 0.0928 0.1346 0.3237
0.3323 0.2451 0.0133 0.4093

MOTIF filter7
letter-probability matrix: alength= 4 w= 7 nsites= 123228
0.3244 0.0945 0.0006 0.5805
0.0110 0.6452 0.0000 0.3437
0.3221 0.0686 0.0055 0.6038
0.0991 0.1489 0.0099 0.7420
0.2660 0.1780 0.0189 0.5371
0.2197 0.2897 0.0065 0.4841
0.4230 0.0645 0.0365 0.4759

MOTIF filter8
letter-probability matrix: alength= 4 w= 7 nsites= 173788
0.0877 0.0628 0.0110 0.8385
0.1865 0.0299 0.0547 0.7289
0.1179 0.0627 0.0399 0.7795
0.0821 0.0703 0.0362 0.8114
0.1065 0.1845 0.0185 0.6905
0.0883 0.2185 0.0188 0.6744
0.3296 0.0721 0.0693 0.5290

MOTIF filter9
letter-probability matrix: alength= 4 w= 7 nsites= 32073
0.2911 0.0764 0.1114 0.5211
0.0078 0.0151 0.0297 0.9474
0.0679 0.2241 0.3705 0.3374
0.2523 0.2735 0.1180 0.3563
0.0800 0.0400 0.8464 0.0336
0.3471 0.3182 0.1272 0.2074
0.4810 0.0947 0.2511 0.1732

MOTIF filter10
letter-probability matrix: alength= 4 w= 7 nsites= 67341
0.4503 0.0955 0.0090 0.4452
0.0504 0.0935 0.5696 0.2865
0.1450 0.3197 0.0304 0.5049
0.4083 0.0497 0.0757 0.4664
0.1847 0.2934 0.2541 0.2679
0.1207 0.2547 0.0082 0.6165
0.0908 0.2858 0.0594 0.5641

MOTIF filter11
letter-probability matrix: alength= 4 w= 7 nsites= 48820
0.1288 0.1573 0.3948 0.3191
0.0700 0.2102 0.2811 0.4387
0.1249 0.3946 0.0798 0.4008
0.1014 0.3828 0.0176 0.4982
0.2818 0.3209 0.0993 0.2980
0.3845 0.0038 0.5497 0.0620
0.0019 0.0118 0.9538 0.0325

MOTIF filter12
letter-probability matrix: alength= 4 w= 7 nsites= 45279
0.3275 0.3119 0.0888 0.2718
0.2275 0.0189 0.0713 0.6823
0.0581 0.2358 0.0116 0.6945
0.0492 0.2527 0.6123 0.0858
0.2521 0.0503 0.2038 0.4937
0.3314 0.1702 0.2998 0.1986
0.2013 0.0898 0.6956 0.0133

MOTIF filter13
letter-probability matrix: alength= 4 w= 7 nsites= 34861
0.1090 0.1024 0.0784 0.7102
0.2375 0.6263 0.1230 0.0132
0.0177 0.0401 0.0182 0.9240
0.6556 0.2538 0.0256 0.0650
0.2468 0.0559 0.1115 0.5858
0.1074 0.0166 0.4303 0.4457
0.2306 0.1053 0.0875 0.5766

MOTIF filter14
letter-probability matrix: alength= 4 w= 7 nsites= 273991
0.0000 0.0000 1.0000 0.0000
0.3344 0.2481 0.1048 0.3127
0.3819 0.1566 0.0767 0.3849
0.3096 0.1345 0.1557 0.4002
0.3115 0.1458 0.1507 0.3921
0.2909 0.1590 0.2399 0.3103
0.3002 0.1488 0.2126 0.3384

MOTIF filter15
letter-probability matrix: alength= 4 w= 7 nsites= 51563
0.2301 0.2354 0.0886 0.4458
0.2719 0.1004 0.1049 0.5228
0.0138 0.1031 0.8587 0.0244
0.3041 0.3932 0.0180 0.2848
0.2805 0.1570 0.1584 0.4042
0.1886 0.1130 0.1665 0.5319
0.1835 0.1372 0.1621 0.5172

