MEME version 4

ALPHABET= ACGU

Background letter frequencies:
A 0.3026 C 0.1738 G 0.1808 U 0.3429

MOTIF filter0
letter-probability matrix: alength= 4 w= 7 nsites= 71471
0.1201 0.2396 0.3536 0.2867
0.0395 0.5327 0.0000 0.4278
0.0843 0.5033 0.1007 0.3117
0.1619 0.0573 0.0063 0.7745
0.0002 0.1423 0.8414 0.0162
0.1217 0.2049 0.0871 0.5862
0.0712 0.3943 0.2335 0.3010

MOTIF filter1
letter-probability matrix: alength= 4 w= 7 nsites= 500616
0.3649 0.1645 0.1954 0.2752
0.3675 0.0253 0.1952 0.4119
0.0000 0.0000 1.0000 0.0000
0.3836 0.1634 0.1266 0.3264
0.4371 0.1163 0.1153 0.3313
0.3800 0.1678 0.1148 0.3375
0.3902 0.1836 0.0381 0.3881

MOTIF filter2
letter-probability matrix: alength= 4 w= 7 nsites= 118945
0.1127 0.0141 0.7884 0.0849
0.6940 0.1383 0.0000 0.1677
0.1761 0.2120 0.0253 0.5866
0.3847 0.1765 0.0441 0.3948
0.5337 0.0957 0.0581 0.3125
0.2153 0.1025 0.3923 0.2898
0.5538 0.2611 0.0665 0.1186

MOTIF filter3
letter-probability matrix: alength= 4 w= 7 nsites= 76187
0.3366 0.6589 0.0036 0.0009
0.3052 0.1774 0.2139 0.3035
0.0141 0.2929 0.6865 0.0065
0.1371 0.5099 0.1189 0.2341
0.3339 0.3737 0.0370 0.2555
0.1871 0.2092 0.2721 0.3315
0.1108 0.3818 0.3006 0.2067

MOTIF filter4
letter-probability matrix: alength= 4 w= 7 nsites= 30872
0.0647 0.0421 0.8154 0.0777
0.2900 0.3428 0.1054 0.2618
0.2012 0.3735 0.0174 0.4079
0.4829 0.0592 0.0243 0.4336
0.0895 0.1239 0.5731 0.2135
0.2457 0.1186 0.2178 0.4179
0.1103 0.0375 0.7750 0.0771

MOTIF filter5
letter-probability matrix: alength= 4 w= 7 nsites= 67915
0.1596 0.4346 0.0789 0.3269
0.1244 0.4674 0.1745 0.2338
0.1237 0.4269 0.0636 0.3858
0.2972 0.0834 0.1118 0.5076
0.0009 0.0156 0.9748 0.0087
0.2869 0.2037 0.0732 0.4361
0.1283 0.1603 0.4501 0.2614

MOTIF filter6
letter-probability matrix: alength= 4 w= 7 nsites= 122769
0.5023 0.1931 0.1526 0.1519
0.4848 0.2459 0.0310 0.2384
0.5258 0.1819 0.0413 0.2511
0.3669 0.2974 0.1249 0.2108
0.7400 0.0060 0.0071 0.2470
0.0313 0.0056 0.9565 0.0066
0.5485 0.1750 0.1050 0.1715

MOTIF filter7
letter-probability matrix: alength= 4 w= 7 nsites= 192552
0.0002 0.0000 0.9992 0.0006
0.4166 0.1058 0.0349 0.4427
0.4284 0.0169 0.0504 0.5042
0.2073 0.0406 0.5059 0.2462
0.4008 0.1385 0.1870 0.2737
0.4178 0.1777 0.0631 0.3415
0.4200 0.0982 0.0708 0.4109

MOTIF filter8
letter-probability matrix: alength= 4 w= 7 nsites= 121783
0.2696 0.0008 0.0157 0.7139
0.1741 0.2036 0.5501 0.0722
0.4731 0.3403 0.0867 0.0999
0.4033 0.2112 0.0624 0.3231
0.2783 0.2036 0.0671 0.4511
0.1894 0.0799 0.1369 0.5938
0.2149 0.1631 0.1453 0.4766

MOTIF filter9
letter-probability matrix: alength= 4 w= 7 nsites= 185154
0.2050 0.1285 0.0308 0.6358
0.3752 0.0688 0.0879 0.4681
0.1949 0.2603 0.2632 0.2816
0.0208 0.0495 0.0051 0.9246
0.8465 0.1348 0.0004 0.0183
0.6629 0.1963 0.0160 0.1249
0.2257 0.1070 0.1814 0.4859

MOTIF filter10
letter-probability matrix: alength= 4 w= 7 nsites= 246480
0.1970 0.2324 0.0000 0.5706
0.3419 0.4379 0.0004 0.2198
0.5574 0.2734 0.0062 0.1630
0.3275 0.3105 0.1873 0.1748
0.3461 0.1119 0.3065 0.2355
0.1913 0.1876 0.2332 0.3879
0.0805 0.2627 0.4618 0.1950

MOTIF filter11
letter-probability matrix: alength= 4 w= 7 nsites= 65317
0.3093 0.0638 0.1629 0.4641
0.0091 0.0001 0.9858 0.0051
0.2249 0.2124 0.4385 0.1242
0.2781 0.3496 0.0899 0.2824
0.2200 0.0900 0.2934 0.3967
0.0232 0.0248 0.8853 0.0668
0.2710 0.2472 0.2299 0.2518

MOTIF filter12
letter-probability matrix: alength= 4 w= 7 nsites= 443952
0.2713 0.1963 0.0000 0.5324
0.1787 0.0527 0.0000 0.7686
0.1478 0.1636 0.0000 0.6886
0.2507 0.1709 0.0047 0.5737
0.3487 0.2459 0.0777 0.3277
0.1527 0.2849 0.0913 0.4711
0.2230 0.2409 0.1233 0.4128

MOTIF filter13
letter-probability matrix: alength= 4 w= 7 nsites= 140330
0.0000 0.0000 1.0000 0.0000
0.3378 0.3072 0.1064 0.2486
0.4530 0.2098 0.0518 0.2854
0.3218 0.2021 0.2421 0.2340
0.2518 0.1596 0.3691 0.2195
0.2570 0.1721 0.3861 0.1849
0.1180 0.1957 0.4628 0.2235

MOTIF filter14
letter-probability matrix: alength= 4 w= 7 nsites= 85932
0.0982 0.0130 0.6768 0.2120
0.4370 0.1008 0.0042 0.4580
0.5518 0.2705 0.0059 0.1718
0.3633 0.0805 0.1358 0.4204
0.0152 0.0193 0.9450 0.0204
0.5614 0.1970 0.0067 0.2349
0.3967 0.0553 0.3651 0.1829

MOTIF filter15
letter-probability matrix: alength= 4 w= 7 nsites= 139204
0.2273 0.1331 0.0456 0.5939
0.2873 0.0090 0.0179 0.6858
0.0012 0.0020 0.9809 0.0159
0.2237 0.1795 0.0671 0.5298
0.1970 0.0848 0.1677 0.5505
0.1502 0.0758 0.1699 0.6042
0.1778 0.1170 0.2360 0.4691

