MEME version 4

ALPHABET= ACGU

Background letter frequencies:
A 0.2764 C 0.1953 G 0.2019 U 0.3264

MOTIF filter0
letter-probability matrix: alength= 4 w= 7 nsites= 131267
0.0072 0.0027 0.9773 0.0129
0.1454 0.2390 0.4760 0.1396
0.3675 0.2977 0.0891 0.2457
0.2880 0.2126 0.3526 0.1468
0.2524 0.1566 0.4352 0.1559
0.4710 0.0871 0.1220 0.3199
0.0637 0.0299 0.8683 0.0381

MOTIF filter1
letter-probability matrix: alength= 4 w= 7 nsites= 330103
0.4083 0.0522 0.0116 0.5279
0.3682 0.1422 0.0292 0.4603
0.2473 0.0483 0.0000 0.7045
0.2410 0.0806 0.0000 0.6784
0.1496 0.2073 0.0000 0.6431
0.3875 0.1307 0.0000 0.4818
0.2975 0.1914 0.0164 0.4947

MOTIF filter2
letter-probability matrix: alength= 4 w= 7 nsites= 49107
0.0359 0.0599 0.0759 0.8282
0.2035 0.0003 0.0036 0.7925
0.0008 0.0087 0.0934 0.8972
0.0656 0.0418 0.0070 0.8856
0.0114 0.0064 0.2747 0.7075
0.0596 0.0091 0.0279 0.9034
0.1222 0.0673 0.0730 0.7376

MOTIF filter3
letter-probability matrix: alength= 4 w= 7 nsites= 10784
0.4466 0.0108 0.5409 0.0017
0.1430 0.0367 0.5094 0.3109
0.0291 0.7237 0.1615 0.0857
0.0077 0.7662 0.0441 0.1820
0.0463 0.2869 0.3086 0.3583
0.3319 0.1729 0.1007 0.3946
0.0001 0.0081 0.3333 0.6585

MOTIF filter4
letter-probability matrix: alength= 4 w= 7 nsites= 62926
0.5459 0.0970 0.1426 0.2145
0.0596 0.0803 0.5545 0.3056
0.0453 0.6200 0.1252 0.2096
0.0285 0.5381 0.0000 0.4333
0.1112 0.5736 0.2702 0.0450
0.5362 0.0114 0.0677 0.3847
0.0014 0.0311 0.9666 0.0009

MOTIF filter5
letter-probability matrix: alength= 4 w= 7 nsites= 28095
0.0489 0.0689 0.8748 0.0074
0.5671 0.0407 0.1097 0.2825
0.3522 0.0847 0.4874 0.0757
0.3363 0.0210 0.5443 0.0984
0.0373 0.0587 0.0491 0.8549
0.0380 0.1360 0.7586 0.0674
0.3775 0.4883 0.0908 0.0434

MOTIF filter6
letter-probability matrix: alength= 4 w= 7 nsites= 83746
0.3305 0.1149 0.2423 0.3123
0.2865 0.0201 0.4808 0.2127
0.4014 0.0722 0.4913 0.0352
0.6046 0.2311 0.1158 0.0485
0.4105 0.0662 0.4599 0.0633
0.2248 0.1397 0.3234 0.3121
0.0385 0.2123 0.5761 0.1731

MOTIF filter7
letter-probability matrix: alength= 4 w= 7 nsites= 31165
0.5625 0.0908 0.3268 0.0199
0.0848 0.3306 0.0276 0.5570
0.0342 0.4394 0.1061 0.4202
0.1810 0.1566 0.2083 0.4541
0.0103 0.1009 0.1518 0.7370
0.1022 0.0350 0.6453 0.2174
0.3921 0.0091 0.0200 0.5788

MOTIF filter8
letter-probability matrix: alength= 4 w= 7 nsites= 26368
0.1177 0.2669 0.4963 0.1192
0.0471 0.2269 0.2042 0.5219
0.3194 0.2077 0.1838 0.2891
0.0009 0.0272 0.9501 0.0218
0.1061 0.2221 0.5127 0.1591
0.0045 0.7282 0.2673 0.0000
0.2658 0.2936 0.0816 0.3589

MOTIF filter9
letter-probability matrix: alength= 4 w= 7 nsites= 22366
0.1252 0.1489 0.4589 0.2670
0.4304 0.3019 0.1688 0.0989
0.5811 0.0080 0.0820 0.3289
0.3202 0.0076 0.6385 0.0338
0.0385 0.0479 0.8978 0.0158
0.8582 0.0378 0.0325 0.0714
0.1268 0.0179 0.8071 0.0482

MOTIF filter10
letter-probability matrix: alength= 4 w= 7 nsites= 121148
0.0882 0.1663 0.0221 0.7234
0.0890 0.0686 0.0056 0.8368
0.0994 0.0343 0.0038 0.8625
0.0247 0.0459 0.0222 0.9072
0.0344 0.0638 0.0031 0.8987
0.1602 0.0567 0.0021 0.7810
0.0332 0.0897 0.0041 0.8730

MOTIF filter11
letter-probability matrix: alength= 4 w= 7 nsites= 127094
0.4621 0.3472 0.0000 0.1906
0.6899 0.0697 0.0000 0.2404
0.2715 0.1734 0.0000 0.5551
0.4283 0.4423 0.0063 0.1231
0.2238 0.0555 0.1611 0.5596
0.3787 0.1690 0.1240 0.3284
0.2572 0.2308 0.0630 0.4490

MOTIF filter12
letter-probability matrix: alength= 4 w= 7 nsites= 86044
0.0656 0.0225 0.8499 0.0621
0.0161 0.1138 0.7234 0.1468
0.3396 0.0909 0.5053 0.0643
0.0411 0.0487 0.8824 0.0278
0.1004 0.1553 0.3197 0.4247
0.1205 0.3859 0.3949 0.0987
0.1872 0.1482 0.3103 0.3543

MOTIF filter13
letter-probability matrix: alength= 4 w= 7 nsites= 37082
0.0539 0.7339 0.1040 0.1083
0.6825 0.1941 0.0017 0.1217
0.1307 0.5733 0.2815 0.0145
0.2831 0.1225 0.3333 0.2611
0.4950 0.1410 0.2252 0.1388
0.3733 0.4783 0.0375 0.1109
0.0060 0.3153 0.6456 0.0331

MOTIF filter14
letter-probability matrix: alength= 4 w= 7 nsites= 213908
0.1272 0.0823 0.6985 0.0920
0.3999 0.0499 0.1060 0.4441
0.0022 0.0001 0.9977 0.0000
0.3864 0.1828 0.2407 0.1901
0.4696 0.1356 0.0708 0.3240
0.3014 0.0780 0.4624 0.1583
0.2980 0.1562 0.3119 0.2339

MOTIF filter15
letter-probability matrix: alength= 4 w= 7 nsites= 53430
0.1224 0.3866 0.0423 0.4486
0.2940 0.0585 0.1478 0.4997
0.0767 0.7136 0.0947 0.1150
0.5216 0.3545 0.0255 0.0984
0.1982 0.0595 0.5624 0.1800
0.0197 0.2189 0.5540 0.2074
0.4653 0.4250 0.0844 0.0253

