MEME version 4

ALPHABET= ACGU

Background letter frequencies:
A 0.2577 C 0.2317 G 0.2709 U 0.2398

MOTIF filter0
letter-probability matrix: alength= 4 w= 7 nsites= 245697
0.3217 0.2530 0.1409 0.2844
0.0000 0.5838 0.0000 0.4162
0.9831 0.0134 0.0034 0.0001
0.3985 0.2033 0.1723 0.2259
0.2801 0.2550 0.1958 0.2691
0.3859 0.1653 0.2031 0.2457
0.2546 0.2599 0.3181 0.1675

MOTIF filter1
letter-probability matrix: alength= 4 w= 7 nsites= 60894
0.0672 0.2459 0.6017 0.0852
0.3232 0.3030 0.3055 0.0682
0.1228 0.1790 0.0016 0.6965
0.7008 0.0735 0.2171 0.0086
0.3069 0.5204 0.0024 0.1702
0.1331 0.0712 0.7138 0.0820
0.0521 0.1492 0.6925 0.1062

MOTIF filter2
letter-probability matrix: alength= 4 w= 7 nsites= 160139
0.3161 0.0397 0.5081 0.1361
0.2713 0.1812 0.4849 0.0625
0.1198 0.2275 0.5041 0.1487
0.2192 0.0586 0.4343 0.2879
0.0002 0.1441 0.5772 0.2785
0.2857 0.0387 0.6604 0.0152
0.0001 0.5578 0.4080 0.0341

MOTIF filter3
letter-probability matrix: alength= 4 w= 7 nsites= 157628
0.0664 0.1513 0.6681 0.1142
0.2063 0.0222 0.6767 0.0948
0.4873 0.0137 0.0000 0.4990
0.1796 0.1826 0.3956 0.2422
0.2193 0.1298 0.4336 0.2173
0.3103 0.2612 0.1530 0.2755
0.1734 0.3792 0.3851 0.0624

MOTIF filter4
letter-probability matrix: alength= 4 w= 7 nsites= 49749
0.2271 0.2628 0.2209 0.2892
0.0603 0.4301 0.2847 0.2249
0.1197 0.1430 0.4991 0.2382
0.5517 0.1584 0.0651 0.2248
0.0728 0.3903 0.5030 0.0338
0.2286 0.0426 0.7263 0.0025
0.9425 0.0049 0.0473 0.0053

MOTIF filter5
letter-probability matrix: alength= 4 w= 7 nsites= 376852
0.2835 0.2462 0.2748 0.1954
0.2684 0.3013 0.1536 0.2768
0.3125 0.1218 0.3256 0.2400
0.2099 0.2089 0.3178 0.2634
0.0000 0.7893 0.0000 0.2107
0.9242 0.0000 0.0758 0.0000
0.3238 0.1038 0.3382 0.2342

MOTIF filter6
letter-probability matrix: alength= 4 w= 7 nsites= 134807
0.0293 0.1329 0.0077 0.8301
0.4638 0.1805 0.0002 0.3555
0.5180 0.0607 0.1549 0.2665
0.2267 0.2631 0.0000 0.5101
0.4750 0.1744 0.0372 0.3133
0.3657 0.1192 0.0078 0.5073
0.4494 0.1960 0.0839 0.2707

MOTIF filter7
letter-probability matrix: alength= 4 w= 7 nsites= 129645
0.1127 0.4320 0.2172 0.2380
0.2892 0.2636 0.4076 0.0396
0.3280 0.1422 0.4590 0.0709
0.2125 0.3793 0.3327 0.0755
0.1194 0.4294 0.1912 0.2600
0.1098 0.2065 0.2432 0.4405
0.2426 0.3223 0.2872 0.1480

MOTIF filter8
letter-probability matrix: alength= 4 w= 7 nsites= 121785
0.3533 0.1021 0.4977 0.0469
0.0002 0.5230 0.1879 0.2889
0.8892 0.0911 0.0176 0.0020
0.3520 0.0286 0.4588 0.1606
0.2134 0.1234 0.3868 0.2764
0.4805 0.1945 0.2742 0.0508
0.2706 0.0638 0.2350 0.4306

MOTIF filter9
letter-probability matrix: alength= 4 w= 7 nsites= 96467
0.0185 0.2622 0.6599 0.0594
0.1868 0.0614 0.6779 0.0739
0.9710 0.0136 0.0097 0.0057
0.2283 0.2706 0.3933 0.1077
0.2153 0.4225 0.3318 0.0304
0.2463 0.1286 0.4172 0.2079
0.2856 0.2244 0.3989 0.0911

MOTIF filter10
letter-probability matrix: alength= 4 w= 7 nsites= 69181
0.1280 0.2521 0.3368 0.2830
0.1671 0.0792 0.0844 0.6692
0.0466 0.7312 0.0167 0.2056
0.9251 0.0376 0.0306 0.0066
0.1712 0.1617 0.4779 0.1892
0.2625 0.0301 0.4768 0.2307
0.0752 0.3784 0.4766 0.0699

MOTIF filter11
letter-probability matrix: alength= 4 w= 7 nsites= 110507
0.3649 0.4389 0.1853 0.0110
0.7646 0.1387 0.0000 0.0967
0.0018 0.0643 0.3499 0.5840
0.1691 0.5345 0.0011 0.2953
0.2195 0.1638 0.2111 0.4055
0.0975 0.0115 0.8140 0.0770
0.4684 0.2769 0.2291 0.0256

MOTIF filter12
letter-probability matrix: alength= 4 w= 7 nsites= 87140
0.2497 0.4194 0.1650 0.1659
0.0249 0.3525 0.0226 0.6000
0.7154 0.0267 0.1605 0.0973
0.0631 0.1414 0.4385 0.3570
0.1057 0.1768 0.2061 0.5114
0.0160 0.1733 0.0355 0.7752
0.1486 0.2840 0.0182 0.5493

MOTIF filter13
letter-probability matrix: alength= 4 w= 7 nsites= 53304
0.1208 0.0597 0.1071 0.7124
0.2210 0.1840 0.0393 0.5558
0.1638 0.2548 0.2858 0.2956
0.2077 0.5253 0.1666 0.1004
0.2292 0.3416 0.1159 0.3132
0.0187 0.1156 0.1656 0.7001
0.4720 0.1387 0.2095 0.1798

MOTIF filter14
letter-probability matrix: alength= 4 w= 7 nsites= 102877
0.0000 0.3549 0.0460 0.5991
0.0063 0.6031 0.1321 0.2586
0.0920 0.6794 0.0775 0.1512
0.2580 0.5604 0.1113 0.0703
0.1082 0.4962 0.1827 0.2129
0.2796 0.2977 0.3038 0.1189
0.3783 0.1065 0.3198 0.1955

MOTIF filter15
letter-probability matrix: alength= 4 w= 7 nsites= 196168
0.3262 0.2808 0.0920 0.3011
0.0035 0.2875 0.0000 0.7090
1.0000 0.0000 0.0000 0.0000
0.3961 0.1518 0.2555 0.1966
0.4020 0.1634 0.2427 0.1919
0.2462 0.1906 0.2585 0.3047
0.2409 0.2294 0.2706 0.2591

