MEME version 4

ALPHABET= ACGU

Background letter frequencies:
A 0.2747 C 0.1894 G 0.1965 U 0.3393

MOTIF filter0
letter-probability matrix: alength= 4 w= 7 nsites= 117998
0.2451 0.1980 0.4741 0.0828
0.4536 0.1558 0.2042 0.1864
0.1089 0.2224 0.6193 0.0494
0.2892 0.1040 0.2322 0.3746
0.1375 0.1799 0.4741 0.2085
0.2402 0.2472 0.2211 0.2915
0.3129 0.1990 0.2406 0.2475

MOTIF filter1
letter-probability matrix: alength= 4 w= 7 nsites= 167809
0.0914 0.0120 0.3099 0.5867
0.1907 0.0032 0.0189 0.7871
0.6032 0.0946 0.0120 0.2903
0.1992 0.1445 0.0004 0.6559
0.0494 0.0889 0.1118 0.7499
0.0871 0.0885 0.0481 0.7763
0.1174 0.0334 0.0699 0.7793

MOTIF filter2
letter-probability matrix: alength= 4 w= 7 nsites= 215438
0.4173 0.4555 0.1066 0.0206
0.3405 0.0301 0.1112 0.5182
0.0740 0.0862 0.0000 0.8398
0.0024 0.2752 0.0081 0.7143
0.1002 0.0358 0.1843 0.6797
0.3198 0.0113 0.1016 0.5673
0.1364 0.3351 0.2204 0.3081

MOTIF filter3
letter-probability matrix: alength= 4 w= 7 nsites= 205738
0.0255 0.3818 0.1472 0.4455
0.0321 0.3328 0.0868 0.5483
0.0008 0.4004 0.0195 0.5793
0.6494 0.0799 0.0277 0.2430
0.0039 0.3954 0.0504 0.5503
0.0166 0.4844 0.2565 0.2424
0.0909 0.1867 0.1866 0.5358

MOTIF filter4
letter-probability matrix: alength= 4 w= 7 nsites= 127917
0.1468 0.2514 0.3411 0.2607
0.4375 0.0000 0.0000 0.5624
0.1616 0.3410 0.2296 0.2678
0.5090 0.1021 0.1781 0.2107
0.3514 0.1475 0.2315 0.2696
0.5356 0.2308 0.2065 0.0270
0.5415 0.1104 0.1624 0.1857

MOTIF filter5
letter-probability matrix: alength= 4 w= 7 nsites= 210349
0.2289 0.2977 0.4733 0.0000
0.4827 0.0572 0.0225 0.4375
0.4247 0.1627 0.0990 0.3136
0.5973 0.0047 0.0012 0.3968
0.3076 0.2882 0.1805 0.2237
0.2134 0.0126 0.0000 0.7739
0.3806 0.3878 0.1949 0.0367

MOTIF filter6
letter-probability matrix: alength= 4 w= 7 nsites= 199279
0.3212 0.1945 0.1296 0.3547
0.3044 0.2236 0.1877 0.2843
0.3488 0.0489 0.2738 0.3285
0.2433 0.0439 0.4662 0.2466
0.0000 0.1423 0.4597 0.3980
0.9887 0.0110 0.0000 0.0003
0.0356 0.0000 0.4603 0.5041

MOTIF filter7
letter-probability matrix: alength= 4 w= 7 nsites= 202507
0.2111 0.0609 0.0015 0.7266
0.0359 0.1481 0.0000 0.8160
0.7665 0.0515 0.0000 0.1820
0.2994 0.1538 0.0622 0.4847
0.5255 0.1009 0.0767 0.2969
0.4044 0.1608 0.1315 0.3032
0.4113 0.1413 0.1126 0.3348

MOTIF filter8
letter-probability matrix: alength= 4 w= 7 nsites= 145357
0.0807 0.0588 0.5100 0.3505
0.0014 0.7312 0.2673 0.0000
0.0107 0.4458 0.0112 0.5323
0.1652 0.0964 0.2438 0.4946
0.0926 0.1704 0.1692 0.5679
0.1392 0.3329 0.3334 0.1945
0.1701 0.4483 0.0662 0.3153

MOTIF filter9
letter-probability matrix: alength= 4 w= 7 nsites= 84900
0.3563 0.6243 0.0149 0.0046
0.0683 0.4711 0.0028 0.4578
0.4602 0.3022 0.2214 0.0162
0.1333 0.0982 0.6610 0.1075
0.2745 0.3407 0.2379 0.1469
0.3000 0.2973 0.2975 0.1051
0.4015 0.1767 0.1649 0.2569

MOTIF filter10
letter-probability matrix: alength= 4 w= 7 nsites= 144773
0.1856 0.2050 0.4229 0.1865
0.0019 0.2701 0.0035 0.7244
0.1845 0.0552 0.0622 0.6981
0.3617 0.0854 0.2179 0.3350
0.2767 0.1507 0.3650 0.2076
0.1932 0.2744 0.1124 0.4200
0.3130 0.0811 0.2650 0.3408

MOTIF filter11
letter-probability matrix: alength= 4 w= 7 nsites= 339836
0.0761 0.0993 0.0551 0.7695
0.1171 0.0746 0.0230 0.7853
0.0633 0.0601 0.0070 0.8697
0.0671 0.0845 0.0152 0.8333
0.2865 0.0217 0.0163 0.6755
0.2342 0.1595 0.0502 0.5561
0.3134 0.1447 0.1939 0.3480

MOTIF filter12
letter-probability matrix: alength= 4 w= 7 nsites= 120417
0.0437 0.0283 0.0011 0.9268
0.1844 0.1424 0.6732 0.0000
0.6071 0.2373 0.1085 0.0472
0.0350 0.0829 0.3913 0.4909
0.1976 0.1071 0.2872 0.4081
0.3858 0.0921 0.0826 0.4395
0.3790 0.1029 0.2022 0.3159

MOTIF filter13
letter-probability matrix: alength= 4 w= 7 nsites= 92693
0.3041 0.0792 0.5293 0.0875
0.3574 0.6006 0.0369 0.0051
0.4981 0.1473 0.0306 0.3240
0.2825 0.0252 0.6793 0.0130
0.8207 0.1192 0.0424 0.0178
0.4944 0.1348 0.0747 0.2961
0.2637 0.2617 0.2777 0.1968

MOTIF filter14
letter-probability matrix: alength= 4 w= 7 nsites= 76092
0.2735 0.0508 0.5033 0.1724
0.0648 0.1425 0.5487 0.2440
0.0007 0.0278 0.0016 0.9700
0.7317 0.0009 0.0025 0.2650
0.2957 0.5040 0.0146 0.1857
0.3869 0.1304 0.4201 0.0626
0.2918 0.0807 0.2231 0.4044

MOTIF filter15
letter-probability matrix: alength= 4 w= 7 nsites= 136735
0.6458 0.1464 0.1221 0.0857
0.1865 0.1093 0.5786 0.1256
0.3383 0.0616 0.2884 0.3117
0.2598 0.1999 0.1170 0.4233
0.1556 0.1261 0.1283 0.5900
0.1663 0.3627 0.0790 0.3920
0.3882 0.3043 0.0356 0.2719

