MEME version 4

ALPHABET= ACGU

Background letter frequencies:
A 0.2705 C 0.2100 G 0.2192 U 0.3002

MOTIF filter0
letter-probability matrix: alength= 4 w= 7 nsites= 64818
0.0217 0.1886 0.6803 0.1094
0.5361 0.2295 0.1856 0.0488
0.2473 0.0504 0.4997 0.2026
0.2092 0.0745 0.6750 0.0414
0.0579 0.0510 0.0695 0.8217
0.1585 0.4606 0.0778 0.3031
0.0314 0.1018 0.3179 0.5489

MOTIF filter1
letter-probability matrix: alength= 4 w= 7 nsites= 39684
0.0206 0.3391 0.0983 0.5419
0.0430 0.0430 0.0936 0.8204
0.5327 0.3344 0.0791 0.0538
0.0519 0.1294 0.5597 0.2590
0.2812 0.1892 0.0505 0.4791
0.0944 0.3132 0.3906 0.2017
0.8166 0.0208 0.0291 0.1334

MOTIF filter2
letter-probability matrix: alength= 4 w= 7 nsites= 76485
0.1934 0.1254 0.6658 0.0154
0.2408 0.1468 0.0113 0.6011
0.6424 0.0209 0.2205 0.1162
0.4100 0.0343 0.4053 0.1504
0.1452 0.7094 0.1091 0.0363
0.5501 0.1601 0.0378 0.2520
0.6124 0.0105 0.2353 0.1418

MOTIF filter3
letter-probability matrix: alength= 4 w= 7 nsites= 93886
0.1442 0.1332 0.5872 0.1353
0.1995 0.1199 0.5645 0.1161
0.4918 0.0660 0.0183 0.4239
0.3287 0.2171 0.3260 0.1282
0.2697 0.0917 0.3986 0.2401
0.0036 0.0116 0.7496 0.2352
0.0311 0.1048 0.6009 0.2633

MOTIF filter4
letter-probability matrix: alength= 4 w= 7 nsites= 94417
0.1901 0.0685 0.2675 0.4738
0.0828 0.4036 0.0218 0.4919
0.2284 0.3198 0.1148 0.3370
0.6264 0.0094 0.3368 0.0274
0.0726 0.2252 0.6359 0.0663
0.5553 0.2930 0.0508 0.1009
0.1946 0.4159 0.0474 0.3422

MOTIF filter5
letter-probability matrix: alength= 4 w= 7 nsites= 114842
0.0548 0.2794 0.0165 0.6494
0.5758 0.1365 0.2306 0.0571
0.5452 0.0575 0.2299 0.1674
0.1294 0.0121 0.1613 0.6972
0.0258 0.0161 0.7894 0.1687
0.1879 0.2433 0.2185 0.3503
0.2228 0.0952 0.1594 0.5227

MOTIF filter6
letter-probability matrix: alength= 4 w= 7 nsites= 117663
0.0110 0.1739 0.3956 0.4194
0.2352 0.1115 0.5783 0.0750
0.2693 0.2157 0.4899 0.0251
0.0890 0.5240 0.3694 0.0175
0.4489 0.1664 0.2099 0.1748
0.0847 0.5872 0.0749 0.2533
0.0964 0.1048 0.1072 0.6916

MOTIF filter7
letter-probability matrix: alength= 4 w= 7 nsites= 29641
0.1833 0.0937 0.6823 0.0406
0.3419 0.0633 0.2945 0.3003
0.7561 0.0360 0.1832 0.0247
0.2727 0.0061 0.0110 0.7102
0.0500 0.0326 0.3366 0.5808
0.2930 0.0041 0.5040 0.1989
0.0221 0.7674 0.1878 0.0228

MOTIF filter8
letter-probability matrix: alength= 4 w= 7 nsites= 176499
0.2513 0.3392 0.3038 0.1057
0.4137 0.1298 0.1689 0.2876
0.2443 0.0242 0.4567 0.2747
0.0461 0.0565 0.6605 0.2368
0.0978 0.1470 0.5434 0.2118
0.5696 0.2635 0.1368 0.0301
0.8347 0.0007 0.0722 0.0925

MOTIF filter9
letter-probability matrix: alength= 4 w= 7 nsites= 128921
0.2529 0.0242 0.1564 0.5665
0.0625 0.6661 0.0252 0.2461
0.2105 0.3022 0.0078 0.4796
0.0571 0.3094 0.2997 0.3338
0.5606 0.0921 0.1648 0.1826
0.1732 0.0743 0.1649 0.5875
0.1509 0.3515 0.0627 0.4349

MOTIF filter10
letter-probability matrix: alength= 4 w= 7 nsites= 82632
0.1574 0.0413 0.7438 0.0575
0.1709 0.2243 0.4930 0.1118
0.0655 0.3745 0.2189 0.3412
0.0427 0.2884 0.4150 0.2538
0.2267 0.6702 0.0276 0.0754
0.4157 0.0717 0.0199 0.4927
0.1796 0.5324 0.2595 0.0285

MOTIF filter11
letter-probability matrix: alength= 4 w= 7 nsites= 97882
0.2047 0.0325 0.2472 0.5155
0.0115 0.6024 0.0620 0.3241
0.0443 0.5537 0.0461 0.3560
0.2048 0.3705 0.4049 0.0198
0.2270 0.1706 0.2075 0.3949
0.2246 0.0431 0.6207 0.1116
0.2468 0.4961 0.0273 0.2298

MOTIF filter12
letter-probability matrix: alength= 4 w= 7 nsites= 37750
0.6094 0.0235 0.3362 0.0308
0.0167 0.3683 0.4593 0.1557
0.7106 0.1151 0.0479 0.1264
0.0404 0.0185 0.9216 0.0194
0.6761 0.0666 0.1436 0.1137
0.2356 0.0473 0.0292 0.6879
0.0251 0.4026 0.2577 0.3146

MOTIF filter13
letter-probability matrix: alength= 4 w= 7 nsites= 7478
0.0200 0.1480 0.2998 0.5322
0.0350 0.7411 0.0926 0.1312
0.5734 0.2563 0.0251 0.1451
0.8522 0.0001 0.1204 0.0273
0.2088 0.0759 0.0067 0.7086
0.1902 0.0238 0.3761 0.4099
0.0817 0.8313 0.0710 0.0160

MOTIF filter14
letter-probability matrix: alength= 4 w= 7 nsites= 68297
0.2521 0.0234 0.0898 0.6347
0.2288 0.7130 0.0252 0.0330
0.0220 0.9033 0.0118 0.0629
0.3906 0.3455 0.1043 0.1597
0.6888 0.0728 0.0770 0.1614
0.0694 0.2359 0.6454 0.0493
0.5802 0.0499 0.0456 0.3244

MOTIF filter15
letter-probability matrix: alength= 4 w= 7 nsites= 2530
0.0170 0.0099 0.1725 0.8007
0.0150 0.1018 0.0671 0.8161
0.4621 0.0012 0.0221 0.5146
0.0328 0.2431 0.0406 0.6835
0.0205 0.8291 0.0379 0.1125
0.0004 0.0004 0.0004 0.9988
0.1807 0.0537 0.6851 0.0805

