MEME version 4

ALPHABET= ACGU

Background letter frequencies:
A 0.3008 C 0.1907 G 0.1664 U 0.3421

MOTIF filter0
letter-probability matrix: alength= 4 w= 7 nsites= 226356
0.2792 0.2093 0.0685 0.4430
0.3662 0.2169 0.1081 0.3088
0.3369 0.1193 0.0941 0.4497
0.3841 0.0090 0.1156 0.4913
0.0000 0.0000 1.0000 0.0000
0.2844 0.2085 0.3373 0.1697
0.3835 0.2160 0.0867 0.3138

MOTIF filter1
letter-probability matrix: alength= 4 w= 7 nsites= 48932
0.4349 0.3266 0.0670 0.1715
0.5819 0.1523 0.0130 0.2528
0.2419 0.0508 0.4957 0.2116
0.0631 0.0966 0.8278 0.0125
0.3686 0.0947 0.4902 0.0465
0.1074 0.0185 0.8717 0.0024
0.3770 0.1985 0.2162 0.2084

MOTIF filter2
letter-probability matrix: alength= 4 w= 7 nsites= 92137
0.1492 0.0000 0.8217 0.0292
0.3852 0.0197 0.1388 0.4563
0.0049 0.0036 0.9574 0.0341
0.3406 0.2124 0.1671 0.2799
0.3557 0.2237 0.0691 0.3515
0.2841 0.2588 0.0538 0.4033
0.3920 0.2323 0.0793 0.2964

MOTIF filter3
letter-probability matrix: alength= 4 w= 7 nsites= 69476
0.4135 0.0311 0.0040 0.5514
0.0422 0.0217 0.6079 0.3282
0.3345 0.2309 0.0283 0.4063
0.2020 0.1692 0.0310 0.5978
0.1295 0.1672 0.3566 0.3466
0.2308 0.1790 0.3340 0.2562
0.2023 0.1943 0.1711 0.4322

MOTIF filter4
letter-probability matrix: alength= 4 w= 7 nsites= 45175
0.5926 0.0215 0.2094 0.1766
0.7406 0.0089 0.2367 0.0138
0.0036 0.1598 0.8281 0.0085
0.3640 0.1948 0.2664 0.1749
0.1001 0.3137 0.2056 0.3806
0.2436 0.0665 0.2761 0.4138
0.1985 0.2234 0.2519 0.3262

MOTIF filter5
letter-probability matrix: alength= 4 w= 7 nsites= 72469
0.3374 0.1357 0.1514 0.3755
0.1965 0.1621 0.1122 0.5293
0.0227 0.0654 0.0401 0.8717
0.3167 0.0389 0.3794 0.2650
0.0226 0.0364 0.3720 0.5689
0.0249 0.0514 0.9229 0.0008
0.3306 0.2788 0.1250 0.2656

MOTIF filter6
letter-probability matrix: alength= 4 w= 7 nsites= 81695
0.3416 0.0541 0.6013 0.0030
0.0222 0.3426 0.0777 0.5575
0.5235 0.1781 0.2739 0.0245
0.3997 0.2592 0.1754 0.1658
0.1090 0.3913 0.2511 0.2485
0.2940 0.1289 0.3159 0.2612
0.1327 0.2842 0.2146 0.3685

MOTIF filter7
letter-probability matrix: alength= 4 w= 7 nsites= 50774
0.7737 0.0138 0.1864 0.0260
0.0175 0.0243 0.8589 0.0994
0.5696 0.2855 0.1238 0.0211
0.3587 0.1456 0.1880 0.3077
0.5664 0.1471 0.2080 0.0786
0.1721 0.4174 0.2505 0.1600
0.4515 0.2662 0.0760 0.2064

MOTIF filter8
letter-probability matrix: alength= 4 w= 7 nsites= 34004
0.0116 0.6311 0.0387 0.3186
0.0215 0.0047 0.1078 0.8661
0.3429 0.0302 0.0938 0.5332
0.8864 0.0405 0.0338 0.0393
0.2383 0.5414 0.0817 0.1385
0.2367 0.5538 0.0385 0.1710
0.3520 0.3757 0.0970 0.1753

MOTIF filter9
letter-probability matrix: alength= 4 w= 7 nsites= 31709
0.0562 0.4811 0.1329 0.3298
0.1381 0.6580 0.0997 0.1043
0.1243 0.4726 0.0861 0.3170
0.1882 0.1159 0.4791 0.2168
0.0113 0.5660 0.1125 0.3103
0.3416 0.4954 0.1028 0.0602
0.0682 0.3305 0.3542 0.2470

MOTIF filter10
letter-probability matrix: alength= 4 w= 7 nsites= 68912
0.1708 0.2231 0.0333 0.5728
0.5482 0.1698 0.1826 0.0994
0.6867 0.1829 0.0482 0.0822
0.0098 0.4824 0.0739 0.4339
0.3496 0.1306 0.1107 0.4092
0.2735 0.2651 0.1232 0.3383
0.2558 0.1798 0.2128 0.3517

MOTIF filter11
letter-probability matrix: alength= 4 w= 7 nsites= 54381
0.2764 0.0438 0.6767 0.0032
0.2011 0.0928 0.3317 0.3743
0.8411 0.1164 0.0141 0.0284
0.6234 0.1165 0.0064 0.2538
0.4081 0.3109 0.0824 0.1986
0.4895 0.2788 0.0728 0.1589
0.4084 0.1641 0.2756 0.1519

MOTIF filter12
letter-probability matrix: alength= 4 w= 7 nsites= 219590
0.2457 0.3024 0.1434 0.3085
0.3578 0.2528 0.0636 0.3257
0.3359 0.0411 0.1802 0.4427
0.0000 0.0000 1.0000 0.0000
0.3362 0.2193 0.0118 0.4327
0.3884 0.2579 0.0935 0.2602
0.3920 0.2329 0.0407 0.3344

MOTIF filter13
letter-probability matrix: alength= 4 w= 7 nsites= 110364
0.2193 0.2625 0.0006 0.5176
0.2901 0.1701 0.0229 0.5169
0.1989 0.1926 0.0031 0.6054
0.4838 0.2229 0.0152 0.2781
0.3141 0.5500 0.0465 0.0894
0.3372 0.0886 0.0504 0.5239
0.1138 0.7441 0.0229 0.1192

MOTIF filter14
letter-probability matrix: alength= 4 w= 7 nsites= 98676
0.0000 0.4303 0.4174 0.1523
0.6561 0.1988 0.1265 0.0186
0.2891 0.1682 0.1437 0.3990
0.1364 0.0082 0.2369 0.6184
0.2512 0.0138 0.5785 0.1565
0.4488 0.1382 0.3138 0.0992
0.2136 0.2914 0.3140 0.1811

MOTIF filter15
letter-probability matrix: alength= 4 w= 7 nsites= 275252
0.3948 0.0491 0.1092 0.4469
0.0000 0.0000 1.0000 0.0000
0.3687 0.2941 0.0412 0.2959
0.3937 0.2298 0.0276 0.3489
0.3041 0.2057 0.2506 0.2396
0.3376 0.2481 0.1084 0.3060
0.3633 0.2018 0.1611 0.2738

