MEME version 4

ALPHABET= ACGU

Background letter frequencies:
A 0.2759 C 0.1946 G 0.2009 U 0.3286

MOTIF filter0
letter-probability matrix: alength= 4 w= 7 nsites= 25293
0.4520 0.0661 0.2654 0.2165
0.2441 0.1053 0.0421 0.6085
0.0223 0.9307 0.0108 0.0361
0.0000 0.9600 0.0000 0.0400
0.4147 0.2740 0.0741 0.2372
0.4093 0.0551 0.1098 0.4258
0.0432 0.1000 0.1705 0.6864

MOTIF filter1
letter-probability matrix: alength= 4 w= 7 nsites= 13125
0.0317 0.2935 0.3939 0.2808
0.3412 0.0059 0.0008 0.6521
0.0393 0.0021 0.8423 0.1163
0.0608 0.0305 0.9083 0.0004
0.0279 0.2260 0.0016 0.7445
0.1212 0.1070 0.4895 0.2823
0.3771 0.4202 0.1573 0.0454

MOTIF filter2
letter-probability matrix: alength= 4 w= 7 nsites= 21056
0.4131 0.0906 0.0964 0.3999
0.3336 0.0016 0.0169 0.6479
0.0009 0.0011 0.9971 0.0009
0.3296 0.4335 0.0482 0.1887
0.1174 0.8315 0.0509 0.0002
0.1363 0.6711 0.0476 0.1450
0.3585 0.2401 0.0028 0.3987

MOTIF filter3
letter-probability matrix: alength= 4 w= 7 nsites= 20907
0.2758 0.0008 0.0002 0.7232
0.1686 0.3959 0.4291 0.0064
0.1639 0.1650 0.3042 0.3668
0.2309 0.0004 0.5372 0.2315
0.7088 0.0136 0.2740 0.0036
0.0768 0.0122 0.8024 0.1087
0.0025 0.0008 0.7798 0.2170

MOTIF filter4
letter-probability matrix: alength= 4 w= 7 nsites= 27944
0.1662 0.4948 0.1476 0.1914
0.0987 0.2549 0.4196 0.2268
0.2158 0.1294 0.5182 0.1365
0.1069 0.4828 0.4009 0.0094
0.0148 0.1198 0.5883 0.2771
0.1877 0.7258 0.0747 0.0118
0.0754 0.0092 0.2095 0.7060

MOTIF filter5
letter-probability matrix: alength= 4 w= 7 nsites= 19309
0.2361 0.4411 0.2588 0.0641
0.9710 0.0123 0.0012 0.0155
0.0163 0.2927 0.6688 0.0222
0.0894 0.4237 0.2907 0.1962
0.0072 0.7295 0.0501 0.2131
0.5049 0.1668 0.1013 0.2269
0.0587 0.0057 0.7170 0.2186

MOTIF filter6
letter-probability matrix: alength= 4 w= 7 nsites= 24524
0.2661 0.5797 0.1503 0.0039
0.6313 0.0185 0.0528 0.2975
0.0371 0.0502 0.9115 0.0011
0.1752 0.1170 0.3409 0.3669
0.3360 0.0999 0.5099 0.0541
0.7783 0.0249 0.1803 0.0166
0.1007 0.1575 0.3398 0.4020

MOTIF filter7
letter-probability matrix: alength= 4 w= 7 nsites= 186008
0.1868 0.0586 0.0005 0.7541
0.1599 0.0439 0.0138 0.7824
0.1248 0.0953 0.0372 0.7427
0.0935 0.0137 0.0372 0.8556
0.1732 0.0293 0.0000 0.7975
0.1573 0.0591 0.0000 0.7836
0.1384 0.1553 0.0092 0.6970

MOTIF filter8
letter-probability matrix: alength= 4 w= 7 nsites= 48874
0.0484 0.0323 0.7216 0.1977
0.0728 0.2004 0.6069 0.1199
0.3546 0.4516 0.1919 0.0019
0.2056 0.1672 0.0822 0.5450
0.2636 0.3391 0.1262 0.2711
0.4053 0.2389 0.3107 0.0451
0.0790 0.0948 0.4077 0.4184

MOTIF filter9
letter-probability matrix: alength= 4 w= 7 nsites= 43392
0.4222 0.2433 0.2984 0.0361
0.8593 0.0035 0.0127 0.1245
0.6082 0.1156 0.0107 0.2656
0.0745 0.0586 0.4678 0.3992
0.0317 0.1587 0.5224 0.2872
0.2984 0.1373 0.0374 0.5269
0.0152 0.0506 0.9288 0.0054

MOTIF filter10
letter-probability matrix: alength= 4 w= 7 nsites= 23196
0.0036 0.7258 0.2378 0.0328
0.3933 0.0584 0.0338 0.5144
0.0486 0.0005 0.6476 0.3033
0.0020 0.2004 0.7857 0.0119
0.2031 0.5105 0.1806 0.1059
0.1166 0.2866 0.0165 0.5802
0.3241 0.6264 0.0219 0.0277

MOTIF filter11
letter-probability matrix: alength= 4 w= 7 nsites= 32532
0.3349 0.1322 0.2514 0.2816
0.0192 0.0247 0.9036 0.0524
0.2329 0.1965 0.0991 0.4715
0.0424 0.6798 0.2479 0.0299
0.3699 0.0327 0.1966 0.4008
0.0144 0.4589 0.1023 0.4244
0.3062 0.5095 0.0411 0.1431

MOTIF filter12
letter-probability matrix: alength= 4 w= 7 nsites= 93404
0.3552 0.1561 0.0021 0.4865
0.5424 0.3323 0.0002 0.1252
0.2421 0.3515 0.0000 0.4064
0.4164 0.1532 0.0000 0.4304
0.2452 0.6150 0.0000 0.1398
0.3848 0.1794 0.0069 0.4288
0.2457 0.2685 0.0291 0.4567

MOTIF filter13
letter-probability matrix: alength= 4 w= 7 nsites= 168824
0.0977 0.1000 0.0293 0.7730
0.0422 0.0659 0.0015 0.8904
0.1061 0.1616 0.0000 0.7323
0.1768 0.0671 0.0007 0.7555
0.0744 0.2099 0.0000 0.7157
0.1013 0.0897 0.0281 0.7809
0.0902 0.2277 0.0420 0.6401

MOTIF filter14
letter-probability matrix: alength= 4 w= 7 nsites= 359019
0.2654 0.2534 0.2588 0.2224
0.4812 0.0239 0.0013 0.4936
0.0000 0.0000 1.0000 0.0000
0.3148 0.2515 0.0636 0.3701
0.2738 0.2144 0.1440 0.3678
0.3216 0.2195 0.1201 0.3388
0.2687 0.1914 0.1489 0.3910

MOTIF filter15
letter-probability matrix: alength= 4 w= 7 nsites= 17966
0.3695 0.0122 0.1072 0.5111
0.3334 0.1194 0.1077 0.4394
0.3706 0.1496 0.3451 0.1347
0.0021 0.0001 0.3008 0.6971
0.3418 0.0890 0.1017 0.4674
0.0018 0.0160 0.9819 0.0002
0.8548 0.0001 0.0763 0.0688

