MEME version 4

ALPHABET= ACGU

Background letter frequencies:
A 0.2740 C 0.1925 G 0.1984 U 0.3351

MOTIF filter0
letter-probability matrix: alength= 4 w= 7 nsites= 96953
0.4437 0.0498 0.3552 0.1514
0.1790 0.0282 0.7428 0.0500
0.0354 0.0042 0.5425 0.4178
0.0759 0.0218 0.8252 0.0771
0.3944 0.3942 0.0548 0.1566
0.6054 0.0239 0.1516 0.2191
0.3781 0.0704 0.4738 0.0777

MOTIF filter1
letter-probability matrix: alength= 4 w= 7 nsites= 48891
0.0446 0.7030 0.0471 0.2053
0.4588 0.1717 0.0739 0.2956
0.1518 0.0367 0.7777 0.0338
0.4359 0.0500 0.1736 0.3405
0.0793 0.2789 0.4355 0.2063
0.4349 0.1253 0.2099 0.2299
0.0445 0.0201 0.7859 0.1494

MOTIF filter2
letter-probability matrix: alength= 4 w= 7 nsites= 169901
0.4133 0.0574 0.0201 0.5092
0.4939 0.1010 0.0426 0.3625
0.4310 0.4618 0.0182 0.0890
0.4199 0.2953 0.1804 0.1044
0.0385 0.3641 0.1041 0.4933
0.5451 0.2000 0.0818 0.1731
0.1734 0.3260 0.3787 0.1219

MOTIF filter3
letter-probability matrix: alength= 4 w= 7 nsites= 140953
0.0720 0.1653 0.1002 0.6625
0.3908 0.1255 0.4235 0.0602
0.3682 0.0838 0.4227 0.1254
0.3423 0.1816 0.4091 0.0670
0.3040 0.0737 0.1943 0.4280
0.0346 0.2856 0.0254 0.6544
0.4249 0.0848 0.3936 0.0967

MOTIF filter4
letter-probability matrix: alength= 4 w= 7 nsites= 193350
0.1719 0.1775 0.5819 0.0687
0.4012 0.0223 0.1773 0.3992
0.1028 0.0264 0.0890 0.7818
0.1321 0.1139 0.2876 0.4665
0.2582 0.2571 0.1959 0.2887
0.0384 0.4110 0.0766 0.4740
0.3973 0.1592 0.2076 0.2360

MOTIF filter5
letter-probability matrix: alength= 4 w= 7 nsites= 49409
0.0261 0.0544 0.0774 0.8420
0.3766 0.0702 0.4305 0.1227
0.0046 0.2806 0.0891 0.6256
0.2664 0.2739 0.3081 0.1516
0.1139 0.0254 0.0286 0.8322
0.2843 0.0368 0.6475 0.0315
0.0392 0.1644 0.2468 0.5497

MOTIF filter6
letter-probability matrix: alength= 4 w= 7 nsites= 69626
0.1422 0.0127 0.1113 0.7338
0.0349 0.1319 0.5163 0.3169
0.0895 0.0070 0.6683 0.2353
0.0754 0.0376 0.6377 0.2493
0.0630 0.3634 0.1893 0.3843
0.0524 0.0852 0.0095 0.8529
0.4761 0.0541 0.0165 0.4534

MOTIF filter7
letter-probability matrix: alength= 4 w= 7 nsites= 83974
0.3144 0.4688 0.0610 0.1558
0.2331 0.3149 0.1878 0.2642
0.6554 0.3087 0.0067 0.0292
0.4677 0.0197 0.3746 0.1379
0.0856 0.1160 0.7933 0.0050
0.0481 0.0327 0.6886 0.2306
0.2247 0.1067 0.0958 0.5728

MOTIF filter8
letter-probability matrix: alength= 4 w= 7 nsites= 118065
0.7004 0.0312 0.0164 0.2520
0.0457 0.0075 0.5119 0.4349
0.3981 0.4508 0.0511 0.0999
0.3949 0.0676 0.3128 0.2246
0.7017 0.0377 0.1143 0.1463
0.0405 0.1036 0.4445 0.4114
0.0480 0.3110 0.2510 0.3899

MOTIF filter9
letter-probability matrix: alength= 4 w= 7 nsites= 408269
0.1180 0.0199 0.3935 0.4686
0.0875 0.2171 0.2235 0.4720
0.4942 0.3099 0.1725 0.0235
0.2115 0.1961 0.0704 0.5219
0.2971 0.2426 0.1752 0.2851
0.5195 0.2266 0.0079 0.2460
0.3316 0.1606 0.1708 0.3370

MOTIF filter10
letter-probability matrix: alength= 4 w= 7 nsites= 142754
0.3928 0.0491 0.3745 0.1836
0.6427 0.0196 0.3292 0.0085
0.0066 0.4310 0.2124 0.3501
0.4982 0.1850 0.2735 0.0433
0.0348 0.1938 0.4610 0.3104
0.0245 0.4927 0.1699 0.3128
0.0060 0.3141 0.2511 0.4287

MOTIF filter11
letter-probability matrix: alength= 4 w= 7 nsites= 111448
0.1608 0.0109 0.0157 0.8126
0.0788 0.0697 0.3901 0.4615
0.5891 0.0169 0.2156 0.1784
0.0508 0.1217 0.0791 0.7484
0.3850 0.2573 0.0456 0.3121
0.1028 0.0917 0.0249 0.7806
0.2984 0.0310 0.1178 0.5528

MOTIF filter12
letter-probability matrix: alength= 4 w= 7 nsites= 303263
0.3827 0.2922 0.1716 0.1535
0.6028 0.3649 0.0117 0.0206
0.4555 0.0303 0.0827 0.4315
0.0348 0.3101 0.4673 0.1879
0.4531 0.1102 0.1282 0.3085
0.4812 0.1158 0.3938 0.0092
0.1576 0.0744 0.3740 0.3940

MOTIF filter13
letter-probability matrix: alength= 4 w= 7 nsites= 63893
0.0732 0.0228 0.0267 0.8773
0.5876 0.1406 0.1061 0.1656
0.8711 0.0035 0.1124 0.0130
0.6310 0.0842 0.0679 0.2169
0.0305 0.0337 0.3860 0.5498
0.3953 0.0143 0.0115 0.5789
0.1679 0.0943 0.1622 0.5756

MOTIF filter14
letter-probability matrix: alength= 4 w= 7 nsites= 76791
0.4617 0.0090 0.0807 0.4485
0.7689 0.0129 0.0465 0.1717
0.0299 0.0398 0.5967 0.3337
0.0457 0.2703 0.0368 0.6472
0.7651 0.1506 0.0354 0.0488
0.0196 0.2900 0.1001 0.5903
0.2435 0.2445 0.2326 0.2794

MOTIF filter15
letter-probability matrix: alength= 4 w= 7 nsites= 96983
0.0067 0.1804 0.7973 0.0156
0.1647 0.0546 0.1012 0.6794
0.0933 0.2076 0.1294 0.5698
0.4230 0.1171 0.2500 0.2099
0.0375 0.4937 0.2375 0.2313
0.3932 0.5236 0.0467 0.0364
0.2978 0.0483 0.4963 0.1576

