MEME version 4

ALPHABET= ACGU

Background letter frequencies:
A 0.2502 C 0.2243 G 0.2430 U 0.2824

MOTIF filter0
letter-probability matrix: alength= 4 w= 7 nsites= 7411
0.5327 0.0507 0.2608 0.1558
0.5095 0.2170 0.0658 0.2077
0.0755 0.4336 0.4441 0.0468
0.1582 0.0914 0.1169 0.6334
0.3953 0.4067 0.0345 0.1635
0.0113 0.2848 0.1276 0.5763
0.0115 0.2928 0.5887 0.1071

MOTIF filter1
letter-probability matrix: alength= 4 w= 7 nsites= 6740
0.0218 0.2180 0.2630 0.4972
0.0058 0.5168 0.3023 0.1751
0.2776 0.5211 0.1053 0.0961
0.0102 0.4104 0.1225 0.4569
0.2306 0.0116 0.7435 0.0144
0.2527 0.4850 0.1416 0.1207
0.0317 0.2279 0.4353 0.3050

MOTIF filter2
letter-probability matrix: alength= 4 w= 7 nsites= 13162
0.2924 0.1789 0.2437 0.2851
0.2868 0.1300 0.1085 0.4746
0.0897 0.0604 0.5019 0.3480
0.0178 0.0330 0.5705 0.3786
0.2045 0.0479 0.1103 0.6372
0.5900 0.0158 0.0594 0.3348
0.0651 0.4521 0.0209 0.4619

MOTIF filter3
letter-probability matrix: alength= 4 w= 7 nsites= 6360
0.3275 0.0240 0.6296 0.0189
0.0176 0.0904 0.7555 0.1365
0.2794 0.0195 0.6265 0.0746
0.4733 0.3741 0.0134 0.1392
0.0698 0.0035 0.1628 0.7640
0.0360 0.1018 0.5201 0.3421
0.2425 0.1317 0.5052 0.1207

MOTIF filter4
letter-probability matrix: alength= 4 w= 7 nsites= 3707
0.0003 0.0005 0.1781 0.8211
0.0528 0.0181 0.5721 0.3570
0.0714 0.5117 0.4142 0.0027
0.3751 0.1808 0.2366 0.2075
0.2557 0.5338 0.0116 0.1989
0.6448 0.0116 0.0388 0.3048
0.7825 0.1773 0.0380 0.0022

MOTIF filter5
letter-probability matrix: alength= 4 w= 7 nsites= 1369
0.2593 0.3685 0.0022 0.3700
0.5688 0.0087 0.0357 0.3867
0.0022 0.6861 0.3110 0.0007
0.2629 0.5987 0.0422 0.0961
0.1566 0.7167 0.0408 0.0859
0.3955 0.3103 0.2753 0.0189
0.8616 0.0124 0.1012 0.0248

MOTIF filter6
letter-probability matrix: alength= 4 w= 7 nsites= 9504
0.1450 0.3691 0.0251 0.4608
0.1470 0.3826 0.0484 0.4220
0.0465 0.8306 0.0306 0.0923
0.4883 0.4998 0.0020 0.0099
0.4905 0.2182 0.2716 0.0197
0.5751 0.0674 0.2408 0.1166
0.0082 0.0546 0.3391 0.5981

MOTIF filter7
letter-probability matrix: alength= 4 w= 7 nsites= 11841
0.0023 0.0001 0.5204 0.4772
0.0810 0.3235 0.3083 0.2872
0.2769 0.5101 0.0081 0.2049
0.2148 0.0002 0.0074 0.7776
0.1797 0.2510 0.3304 0.2390
0.2573 0.5904 0.0200 0.1323
0.3619 0.3682 0.2463 0.0236

MOTIF filter8
letter-probability matrix: alength= 4 w= 7 nsites= 11248
0.2448 0.6082 0.0039 0.1431
0.5754 0.3101 0.0321 0.0825
0.4838 0.0375 0.2613 0.2174
0.0931 0.0446 0.3051 0.5571
0.6498 0.1849 0.0989 0.0663
0.4868 0.0430 0.0831 0.3870
0.3042 0.4247 0.0482 0.2229

MOTIF filter9
letter-probability matrix: alength= 4 w= 7 nsites= 11144
0.5294 0.0088 0.3586 0.1032
0.5737 0.0692 0.2265 0.1306
0.6127 0.0685 0.0638 0.2550
0.2439 0.0205 0.0673 0.6684
0.1102 0.3337 0.5201 0.0361
0.1302 0.0189 0.2493 0.6015
0.1851 0.3777 0.3916 0.0457

MOTIF filter10
letter-probability matrix: alength= 4 w= 7 nsites= 6507
0.0146 0.0038 0.8248 0.1568
0.0855 0.0765 0.1330 0.7050
0.0094 0.0065 0.1450 0.8392
0.0381 0.0315 0.3394 0.5910
0.4452 0.3473 0.0487 0.1588
0.1072 0.3705 0.2534 0.2689
0.2021 0.0479 0.4684 0.2815

MOTIF filter11
letter-probability matrix: alength= 4 w= 7 nsites= 26804
0.0943 0.1860 0.2871 0.4327
0.1059 0.4611 0.1225 0.3105
0.3192 0.1644 0.1497 0.3667
0.3402 0.3196 0.2766 0.0636
0.0663 0.5481 0.1541 0.2315
0.0773 0.1441 0.0119 0.7667
0.0160 0.0329 0.0705 0.8806

MOTIF filter12
letter-probability matrix: alength= 4 w= 7 nsites= 14361
0.0065 0.3000 0.1296 0.5639
0.0269 0.0200 0.5568 0.3963
0.1051 0.3559 0.3747 0.1644
0.4586 0.3825 0.0867 0.0721
0.5813 0.0365 0.0989 0.2832
0.0145 0.4250 0.0225 0.5380
0.3082 0.1413 0.1197 0.4308

MOTIF filter13
letter-probability matrix: alength= 4 w= 7 nsites= 1831
0.0332 0.8736 0.0708 0.0223
0.2218 0.2921 0.3640 0.1221
0.1275 0.0774 0.5444 0.2507
0.4436 0.4779 0.0294 0.0490
0.3433 0.0093 0.6191 0.0283
0.0343 0.7226 0.2202 0.0229
0.4022 0.4545 0.1302 0.0131

MOTIF filter14
letter-probability matrix: alength= 4 w= 7 nsites= 12285
0.0235 0.4731 0.2388 0.2645
0.0216 0.6851 0.0957 0.1976
0.1864 0.4665 0.0525 0.2946
0.0592 0.2069 0.3547 0.3792
0.0224 0.1635 0.6487 0.1654
0.2402 0.2545 0.0710 0.4342
0.1581 0.2613 0.0581 0.5225

MOTIF filter15
letter-probability matrix: alength= 4 w= 7 nsites= 8432
0.1392 0.0554 0.0299 0.7756
0.0944 0.0537 0.5330 0.3190
0.0573 0.4908 0.1062 0.3458
0.1765 0.2232 0.0642 0.5360
0.1254 0.1954 0.0326 0.6466
0.1297 0.1495 0.2099 0.5109
0.3465 0.3009 0.2525 0.1002

