MEME version 4

ALPHABET= ACGU

Background letter frequencies:
A 0.2450 C 0.2220 G 0.2063 U 0.3267

MOTIF filter0
letter-probability matrix: alength= 4 w= 7 nsites= 23844
0.0670 0.0199 0.0295 0.8836
0.0935 0.1177 0.0129 0.7759
0.0519 0.0671 0.0000 0.8810
0.0007 0.0491 0.0099 0.9403
0.0137 0.2679 0.0008 0.7177
0.0681 0.2088 0.3830 0.3402
0.0713 0.0156 0.7447 0.1684

MOTIF filter1
letter-probability matrix: alength= 4 w= 7 nsites= 28332
0.0339 0.0708 0.4127 0.4827
0.0742 0.0080 0.9042 0.0136
0.1829 0.0607 0.5455 0.2109
0.4386 0.0657 0.3748 0.1209
0.6037 0.0461 0.3422 0.0079
0.5907 0.1004 0.3064 0.0025
0.6732 0.0114 0.2687 0.0467

MOTIF filter2
letter-probability matrix: alength= 4 w= 7 nsites= 32561
0.1330 0.8376 0.0268 0.0026
0.6367 0.0642 0.1030 0.1961
0.0131 0.1032 0.0384 0.8453
0.6236 0.0420 0.1448 0.1896
0.1103 0.0264 0.0146 0.8487
0.6159 0.0045 0.1091 0.2705
0.5216 0.1851 0.0819 0.2114

MOTIF filter3
letter-probability matrix: alength= 4 w= 7 nsites= 166461
0.0469 0.8112 0.1360 0.0058
0.0815 0.3018 0.0874 0.5293
0.0290 0.5169 0.2275 0.2266
0.0273 0.6583 0.0762 0.2382
0.0223 0.8210 0.0271 0.1295
0.0667 0.5234 0.0832 0.3267
0.1009 0.3927 0.1471 0.3594

MOTIF filter4
letter-probability matrix: alength= 4 w= 7 nsites= 109813
0.1142 0.4155 0.4500 0.0203
0.0391 0.8663 0.0861 0.0085
0.4305 0.4992 0.0454 0.0250
0.1934 0.3729 0.3604 0.0734
0.2757 0.2970 0.2393 0.1880
0.4641 0.1479 0.3045 0.0836
0.3627 0.1916 0.3065 0.1392

MOTIF filter5
letter-probability matrix: alength= 4 w= 7 nsites= 73508
0.1841 0.1459 0.0802 0.5897
0.0677 0.4630 0.0989 0.3704
0.0829 0.2006 0.1023 0.6142
0.0915 0.0378 0.3625 0.5082
0.0000 0.0000 0.0000 1.0000
0.0000 0.9945 0.0055 0.0000
0.0650 0.0331 0.0679 0.8339

MOTIF filter6
letter-probability matrix: alength= 4 w= 7 nsites= 17551
0.0308 0.0001 0.0745 0.8946
0.0186 0.0304 0.0086 0.9424
0.0068 0.1480 0.1753 0.6698
0.0392 0.8632 0.0877 0.0099
0.0048 0.2250 0.1182 0.6520
0.0251 0.1935 0.2769 0.5045
0.0341 0.0662 0.1164 0.7833

MOTIF filter7
letter-probability matrix: alength= 4 w= 7 nsites= 54514
0.0111 0.2784 0.0228 0.6876
0.0010 0.2456 0.1449 0.6085
0.0032 0.3569 0.2077 0.4322
0.0000 0.9672 0.0328 0.0000
0.0121 0.0000 0.0807 0.9072
0.1347 0.0631 0.4557 0.3464
0.0533 0.0676 0.2664 0.6127

MOTIF filter8
letter-probability matrix: alength= 4 w= 7 nsites= 91475
0.2992 0.0019 0.0263 0.6726
0.1911 0.0000 0.1362 0.6727
0.2988 0.0002 0.0003 0.7007
0.2657 0.0172 0.4967 0.2203
0.1447 0.2999 0.2471 0.3083
0.6520 0.2806 0.0640 0.0034
0.1653 0.4361 0.3596 0.0389

MOTIF filter9
letter-probability matrix: alength= 4 w= 7 nsites= 50208
0.6472 0.1307 0.2062 0.0158
0.9255 0.0145 0.0554 0.0045
0.1162 0.0354 0.3564 0.4919
0.2820 0.0003 0.1935 0.5242
0.1762 0.0000 0.0536 0.7702
0.1132 0.0026 0.0950 0.7893
0.1635 0.0646 0.2142 0.5577

MOTIF filter10
letter-probability matrix: alength= 4 w= 7 nsites= 87516
0.0181 0.5414 0.0219 0.4186
0.4730 0.0241 0.0000 0.5029
0.2934 0.2314 0.0390 0.4361
0.2893 0.2182 0.0117 0.4808
0.1210 0.0262 0.0646 0.7882
0.0122 0.0060 0.0068 0.9749
0.4097 0.0000 0.0376 0.5527

MOTIF filter11
letter-probability matrix: alength= 4 w= 7 nsites= 27049
0.1107 0.0020 0.0364 0.8510
0.5874 0.0019 0.1109 0.2997
0.8896 0.0112 0.0016 0.0977
0.3389 0.0108 0.3142 0.3362
0.7250 0.0155 0.0559 0.2035
0.1203 0.0961 0.1093 0.6743
0.6005 0.0455 0.1766 0.1773

MOTIF filter12
letter-probability matrix: alength= 4 w= 7 nsites= 29242
0.2272 0.6856 0.0341 0.0531
0.0570 0.6434 0.2504 0.0492
0.2232 0.5571 0.0007 0.2190
0.0336 0.5185 0.0758 0.3721
0.0434 0.3069 0.0650 0.5847
0.1500 0.5242 0.1669 0.1589
0.1120 0.7350 0.0229 0.1301

MOTIF filter13
letter-probability matrix: alength= 4 w= 7 nsites= 59925
0.1152 0.2085 0.3579 0.3184
0.2704 0.2186 0.2757 0.2352
0.3199 0.1036 0.0220 0.5545
0.0454 0.9272 0.0000 0.0274
0.0042 0.0001 0.0065 0.9891
0.0029 0.9715 0.0049 0.0207
0.3050 0.0177 0.0194 0.6578

MOTIF filter14
letter-probability matrix: alength= 4 w= 7 nsites= 64926
0.4325 0.0519 0.4052 0.1105
0.4812 0.0017 0.4274 0.0897
0.7579 0.0067 0.0320 0.2033
0.1893 0.0103 0.7211 0.0793
0.0013 0.3160 0.0100 0.6727
0.6394 0.0270 0.2947 0.0388
0.3078 0.2374 0.3191 0.1358

MOTIF filter15
letter-probability matrix: alength= 4 w= 7 nsites= 109486
0.0000 0.0000 0.0136 0.9864
0.0130 0.1524 0.0957 0.7389
0.0074 0.0781 0.0397 0.8749
0.0701 0.2435 0.0351 0.6512
0.1268 0.1925 0.0315 0.6492
0.1065 0.1335 0.1019 0.6582
0.1930 0.2135 0.1049 0.4886

