MEME version 4

ALPHABET= ACGU

Background letter frequencies:
A 0.2855 C 0.1806 G 0.1794 U 0.3544

MOTIF filter0
letter-probability matrix: alength= 4 w= 7 nsites= 40789
0.1427 0.1334 0.0116 0.7123
0.0762 0.2957 0.5463 0.0818
0.1618 0.0891 0.0425 0.7066
0.2179 0.0410 0.5574 0.1838
0.0305 0.0889 0.8431 0.0375
0.1370 0.3513 0.2725 0.2392
0.3762 0.2150 0.3377 0.0711

MOTIF filter1
letter-probability matrix: alength= 4 w= 7 nsites= 34974
0.7252 0.0111 0.0551 0.2086
0.0738 0.1680 0.4655 0.2928
0.3281 0.2331 0.1217 0.3170
0.2175 0.7412 0.0316 0.0097
0.1536 0.0104 0.0590 0.7770
0.2461 0.4930 0.1134 0.1475
0.1861 0.0810 0.2394 0.4936

MOTIF filter2
letter-probability matrix: alength= 4 w= 7 nsites= 32068
0.0813 0.6538 0.2188 0.0462
0.0787 0.2072 0.0846 0.6296
0.6576 0.0539 0.1247 0.1638
0.0651 0.2388 0.2910 0.4051
0.2162 0.3775 0.2745 0.1318
0.4713 0.0348 0.1809 0.3130
0.0048 0.8347 0.1172 0.0433

MOTIF filter3
letter-probability matrix: alength= 4 w= 7 nsites= 192789
0.3492 0.0693 0.0039 0.5776
0.2558 0.2436 0.0021 0.4986
0.2211 0.1190 0.0095 0.6505
0.0649 0.1681 0.0000 0.7670
0.0881 0.0487 0.0001 0.8631
0.2265 0.0647 0.0144 0.6944
0.1074 0.2599 0.0790 0.5537

MOTIF filter4
letter-probability matrix: alength= 4 w= 7 nsites= 94538
0.2804 0.2456 0.1236 0.3505
0.2650 0.3169 0.0985 0.3197
0.2337 0.2250 0.1100 0.4313
0.2407 0.1710 0.2386 0.3497
0.0509 0.1189 0.6942 0.1360
0.3046 0.1806 0.0310 0.4838
0.2783 0.1985 0.2874 0.2357

MOTIF filter5
letter-probability matrix: alength= 4 w= 7 nsites= 39759
0.1224 0.1011 0.1595 0.6170
0.0817 0.4497 0.2145 0.2541
0.3441 0.4568 0.0706 0.1285
0.0225 0.2477 0.1261 0.6037
0.7620 0.0142 0.2102 0.0136
0.0044 0.0111 0.9085 0.0761
0.0966 0.1181 0.6747 0.1106

MOTIF filter6
letter-probability matrix: alength= 4 w= 7 nsites= 34162
0.4763 0.0337 0.4168 0.0732
0.4691 0.1210 0.2913 0.1186
0.1884 0.6207 0.1704 0.0205
0.2034 0.1820 0.2378 0.3769
0.3818 0.0479 0.4979 0.0724
0.5197 0.0902 0.3840 0.0061
0.1628 0.1939 0.6004 0.0429

MOTIF filter7
letter-probability matrix: alength= 4 w= 7 nsites= 59928
0.5440 0.1308 0.0803 0.2449
0.0726 0.1548 0.0053 0.7673
0.7213 0.0712 0.0008 0.2067
0.1217 0.4773 0.0287 0.3723
0.3905 0.1231 0.1604 0.3260
0.4089 0.2863 0.2286 0.0762
0.5490 0.1528 0.0170 0.2813

MOTIF filter8
letter-probability matrix: alength= 4 w= 7 nsites= 35083
0.1203 0.5865 0.2343 0.0589
0.7193 0.1296 0.0302 0.1209
0.0241 0.0854 0.0235 0.8670
0.2479 0.0621 0.5363 0.1537
0.3479 0.1348 0.1354 0.3819
0.4313 0.4160 0.1216 0.0311
0.7173 0.0536 0.0318 0.1974

MOTIF filter9
letter-probability matrix: alength= 4 w= 7 nsites= 161612
0.3089 0.1509 0.0873 0.4529
0.3091 0.1412 0.0944 0.4553
0.2264 0.2408 0.1049 0.4279
0.2821 0.2254 0.0726 0.4198
0.2330 0.2473 0.1566 0.3631
0.2989 0.1372 0.0925 0.4714
0.1608 0.1799 0.4115 0.2479

MOTIF filter10
letter-probability matrix: alength= 4 w= 7 nsites= 87882
0.1687 0.0783 0.0194 0.7336
0.0976 0.0228 0.0080 0.8716
0.0309 0.0550 0.0395 0.8746
0.0583 0.0285 0.0246 0.8886
0.0603 0.0595 0.0516 0.8286
0.0617 0.0150 0.0123 0.9109
0.0932 0.0749 0.1069 0.7250

MOTIF filter11
letter-probability matrix: alength= 4 w= 7 nsites= 37066
0.0551 0.0222 0.2470 0.6757
0.2607 0.1381 0.2692 0.3320
0.6392 0.0918 0.1337 0.1353
0.2739 0.1780 0.3104 0.2377
0.2317 0.1109 0.3064 0.3510
0.0293 0.1585 0.5860 0.2262
0.1291 0.6322 0.2160 0.0227

MOTIF filter12
letter-probability matrix: alength= 4 w= 7 nsites= 122716
0.2805 0.0296 0.2264 0.4635
0.0000 0.0000 1.0000 0.0000
0.4906 0.1310 0.1651 0.2133
0.6749 0.0180 0.1062 0.2009
0.6479 0.0753 0.1111 0.1658
0.4299 0.1859 0.1059 0.2783
0.2608 0.1257 0.1464 0.4671

MOTIF filter13
letter-probability matrix: alength= 4 w= 7 nsites= 107201
0.2763 0.2459 0.1479 0.3298
0.4001 0.0458 0.1622 0.3919
0.0000 0.0000 1.0000 0.0000
0.2590 0.1981 0.1891 0.3538
0.3372 0.1850 0.1848 0.2931
0.2589 0.1876 0.1913 0.3622
0.2389 0.2137 0.1687 0.3787

MOTIF filter14
letter-probability matrix: alength= 4 w= 7 nsites= 32136
0.1496 0.1639 0.0551 0.6314
0.0339 0.3006 0.3448 0.3207
0.0482 0.0666 0.5622 0.3230
0.0394 0.3345 0.4902 0.1359
0.4088 0.1455 0.0967 0.3490
0.2768 0.4229 0.0769 0.2233
0.3727 0.0767 0.3664 0.1842

MOTIF filter15
letter-probability matrix: alength= 4 w= 7 nsites= 58087
0.2992 0.1185 0.3656 0.2167
0.3623 0.0173 0.0103 0.6101
0.0009 0.0020 0.9956 0.0015
0.2874 0.1167 0.0653 0.5307
0.2731 0.1219 0.2887 0.3163
0.1461 0.0637 0.1118 0.6784
0.1082 0.0627 0.5000 0.3291

