MEME version 4

ALPHABET= ACGU

Background letter frequencies:
A 0.2566 C 0.1999 G 0.2266 U 0.3169

MOTIF filter0
letter-probability matrix: alength= 4 w= 7 nsites= 80752
0.1829 0.0413 0.7306 0.0452
0.6366 0.0772 0.1431 0.1431
0.0586 0.4540 0.2722 0.2152
0.6382 0.0033 0.1642 0.1943
0.0917 0.0604 0.7123 0.1357
0.3926 0.0176 0.5064 0.0835
0.3084 0.0239 0.3210 0.3467

MOTIF filter1
letter-probability matrix: alength= 4 w= 7 nsites= 159907
0.0444 0.3126 0.3447 0.2983
0.7662 0.0845 0.0317 0.1176
0.1705 0.2106 0.5635 0.0555
0.0424 0.2307 0.2881 0.4388
0.2476 0.3495 0.1631 0.2398
0.2526 0.0389 0.2179 0.4907
0.6510 0.0319 0.2952 0.0219

MOTIF filter2
letter-probability matrix: alength= 4 w= 7 nsites= 49002
0.0307 0.6257 0.3193 0.0243
0.1499 0.7123 0.1292 0.0086
0.7720 0.1156 0.0171 0.0953
0.1427 0.5083 0.0405 0.3085
0.6890 0.2961 0.0058 0.0092
0.0149 0.0227 0.2500 0.7123
0.2981 0.0660 0.1956 0.4403

MOTIF filter3
letter-probability matrix: alength= 4 w= 7 nsites= 171332
0.0080 0.1436 0.3594 0.4890
0.4206 0.1474 0.1027 0.3294
0.2436 0.4234 0.2741 0.0589
0.5527 0.0101 0.1468 0.2905
0.3602 0.3192 0.2201 0.1005
0.2185 0.2860 0.3506 0.1449
0.4588 0.0136 0.4954 0.0322

MOTIF filter4
letter-probability matrix: alength= 4 w= 7 nsites= 230627
0.4666 0.1047 0.1137 0.3150
0.3262 0.3860 0.1607 0.1271
0.2998 0.0154 0.0030 0.6818
0.0857 0.2996 0.5682 0.0465
0.3831 0.0463 0.1897 0.3809
0.1706 0.2496 0.4234 0.1564
0.3734 0.2183 0.0295 0.3787

MOTIF filter5
letter-probability matrix: alength= 4 w= 7 nsites= 398
0.5373 0.3557 0.0821 0.0249
0.6891 0.3060 0.0025 0.0025
0.0025 0.0025 0.0597 0.9353
0.0025 0.0025 0.9925 0.0025
0.0025 0.0920 0.8060 0.0995
0.9303 0.0299 0.0025 0.0373
0.0025 0.0025 0.9925 0.0025

MOTIF filter6
letter-probability matrix: alength= 4 w= 7 nsites= 203775
0.6258 0.0522 0.0651 0.2569
0.9092 0.0198 0.0170 0.0540
0.5347 0.0475 0.1034 0.3145
0.2899 0.1999 0.0106 0.4996
0.1272 0.2475 0.0899 0.5355
0.3082 0.1584 0.2036 0.3298
0.0561 0.4757 0.1444 0.3238

MOTIF filter7
letter-probability matrix: alength= 4 w= 7 nsites= 88868
0.2020 0.3235 0.1209 0.3536
0.1360 0.2367 0.4981 0.1293
0.1390 0.0897 0.0339 0.7374
0.0073 0.2550 0.0568 0.6809
0.0432 0.6217 0.0993 0.2358
0.0418 0.4174 0.1149 0.4258
0.7074 0.1878 0.0316 0.0732

MOTIF filter8
letter-probability matrix: alength= 4 w= 7 nsites= 73410
0.2536 0.2676 0.0572 0.4216
0.5125 0.1667 0.1634 0.1573
0.1034 0.1130 0.0260 0.7576
0.1667 0.1426 0.6688 0.0219
0.1064 0.0475 0.0931 0.7530
0.2625 0.3558 0.2465 0.1352
0.3699 0.4348 0.0037 0.1916

MOTIF filter9
letter-probability matrix: alength= 4 w= 7 nsites= 40259
0.3964 0.0023 0.1703 0.4310
0.2123 0.0389 0.6281 0.1207
0.0455 0.1445 0.2062 0.6037
0.3693 0.0052 0.6075 0.0179
0.4288 0.0060 0.5543 0.0110
0.0650 0.2558 0.0178 0.6614
0.0546 0.0352 0.4512 0.4590

MOTIF filter10
letter-probability matrix: alength= 4 w= 7 nsites= 20994
0.1671 0.7247 0.0637 0.0445
0.2192 0.4084 0.3012 0.0712
0.3708 0.5019 0.0313 0.0960
0.4705 0.1685 0.0024 0.3586
0.2370 0.0338 0.0258 0.7034
0.0114 0.2475 0.5975 0.1436
0.1676 0.7749 0.0058 0.0517

MOTIF filter11
letter-probability matrix: alength= 4 w= 7 nsites= 122820
0.1087 0.3714 0.0114 0.5086
0.4497 0.3463 0.0199 0.1840
0.0723 0.1289 0.1428 0.6559
0.0881 0.2072 0.0618 0.6429
0.3983 0.4630 0.0340 0.1047
0.3037 0.3801 0.0367 0.2796
0.5421 0.0788 0.2091 0.1700

MOTIF filter12
letter-probability matrix: alength= 4 w= 7 nsites= 201354
0.0717 0.3823 0.5101 0.0359
0.1252 0.1909 0.4350 0.2489
0.4322 0.0501 0.3800 0.1377
0.5984 0.0071 0.3625 0.0319
0.3194 0.1079 0.4306 0.1421
0.2787 0.2236 0.3659 0.1318
0.0141 0.3481 0.4263 0.2115

MOTIF filter13
letter-probability matrix: alength= 4 w= 7 nsites= 76550
0.4698 0.0939 0.0040 0.4323
0.0148 0.0852 0.7926 0.1074
0.0797 0.6184 0.1147 0.1872
0.6699 0.0009 0.0097 0.3195
0.2103 0.2935 0.4933 0.0029
0.2281 0.3844 0.0288 0.3587
0.3307 0.4503 0.0064 0.2126

MOTIF filter14
letter-probability matrix: alength= 4 w= 7 nsites= 89331
0.1534 0.5306 0.2597 0.0562
0.0661 0.1482 0.3849 0.4008
0.4170 0.1526 0.4041 0.0262
0.0168 0.0678 0.8341 0.0813
0.2620 0.4175 0.2202 0.1002
0.2442 0.1065 0.2602 0.3891
0.4181 0.0166 0.2530 0.3123

MOTIF filter15
letter-probability matrix: alength= 4 w= 7 nsites= 118597
0.0227 0.1689 0.7305 0.0779
0.0534 0.3120 0.3481 0.2865
0.0723 0.0440 0.4396 0.4441
0.0358 0.0814 0.7632 0.1196
0.4065 0.0988 0.2514 0.2434
0.1954 0.3574 0.1945 0.2527
0.2719 0.2496 0.4149 0.0637

