MEME version 4

ALPHABET= ACGU

Background letter frequencies:
A 0.2768 C 0.1886 G 0.2160 U 0.3185

MOTIF filter0
letter-probability matrix: alength= 4 w= 7 nsites= 56694
0.0009 0.8042 0.0448 0.1500
0.0878 0.5359 0.2824 0.0939
0.0646 0.7077 0.0015 0.2263
0.2040 0.4666 0.0845 0.2449
0.1117 0.3006 0.3538 0.2340
0.0650 0.3776 0.1991 0.3583
0.1433 0.2757 0.1815 0.3995

MOTIF filter1
letter-probability matrix: alength= 4 w= 7 nsites= 123698
0.1326 0.5208 0.0394 0.3072
0.4297 0.3129 0.0239 0.2335
0.4461 0.0720 0.2102 0.2717
0.1948 0.3111 0.0436 0.4506
0.1188 0.0002 0.1226 0.7584
0.0241 0.1370 0.4658 0.3731
0.0604 0.2967 0.2626 0.3804

MOTIF filter2
letter-probability matrix: alength= 4 w= 7 nsites= 93761
0.0933 0.0864 0.2394 0.5808
0.1477 0.3215 0.5203 0.0106
0.1399 0.6924 0.1450 0.0227
0.2498 0.6865 0.0608 0.0029
0.3224 0.1234 0.2146 0.3396
0.2414 0.1823 0.3843 0.1920
0.1755 0.3361 0.4364 0.0520

MOTIF filter3
letter-probability matrix: alength= 4 w= 7 nsites= 97894
0.2102 0.4340 0.2446 0.1112
0.0295 0.0769 0.0010 0.8926
0.7293 0.1566 0.1096 0.0046
0.6087 0.0139 0.3649 0.0126
0.2975 0.0246 0.5007 0.1771
0.4375 0.0851 0.1438 0.3336
0.1571 0.1930 0.2330 0.4168

MOTIF filter4
letter-probability matrix: alength= 4 w= 7 nsites= 313674
0.3352 0.2575 0.0285 0.3788
0.3367 0.0573 0.2785 0.3275
0.0000 0.0000 1.0000 0.0000
0.3934 0.3014 0.0000 0.3052
0.3475 0.1925 0.0505 0.4095
0.2555 0.1762 0.2557 0.3126
0.2467 0.2261 0.1698 0.3574

MOTIF filter5
letter-probability matrix: alength= 4 w= 7 nsites= 85612
0.0020 0.5520 0.0571 0.3889
0.0826 0.1605 0.2258 0.5311
0.2998 0.0144 0.0995 0.5864
0.6038 0.0894 0.1140 0.1928
0.5068 0.1507 0.3011 0.0414
0.6670 0.0375 0.2752 0.0202
0.1991 0.1080 0.5827 0.1102

MOTIF filter6
letter-probability matrix: alength= 4 w= 7 nsites= 95827
0.6090 0.0221 0.2929 0.0760
0.0017 0.1046 0.8883 0.0054
0.5474 0.2182 0.1816 0.0528
0.2530 0.4470 0.1075 0.1925
0.0775 0.2072 0.3065 0.4088
0.0381 0.1999 0.6070 0.1550
0.1017 0.1920 0.3345 0.3718

MOTIF filter7
letter-probability matrix: alength= 4 w= 7 nsites= 312417
0.4363 0.1671 0.1328 0.2638
0.3544 0.0893 0.3075 0.2488
0.4038 0.2048 0.0820 0.3094
0.2391 0.2437 0.0643 0.4528
0.2776 0.2028 0.1908 0.3288
0.2348 0.1794 0.3029 0.2829
0.3142 0.1557 0.2036 0.3265

MOTIF filter8
letter-probability matrix: alength= 4 w= 7 nsites= 265777
0.0223 0.1726 0.3091 0.4961
0.2616 0.0014 0.0470 0.6899
0.0000 0.0000 0.9988 0.0012
0.3191 0.1024 0.1282 0.4503
0.1865 0.1642 0.3191 0.3302
0.3059 0.2010 0.0462 0.4470
0.3359 0.1658 0.1041 0.3942

MOTIF filter9
letter-probability matrix: alength= 4 w= 7 nsites= 115320
0.3257 0.2977 0.0377 0.3389
0.1081 0.1450 0.0616 0.6853
0.0042 0.0001 0.9775 0.0182
0.3583 0.0204 0.4519 0.1695
0.7324 0.1588 0.0050 0.1039
0.3843 0.2044 0.1278 0.2834
0.2798 0.2525 0.1833 0.2843

MOTIF filter10
letter-probability matrix: alength= 4 w= 7 nsites= 66561
0.0347 0.0128 0.7906 0.1619
0.4321 0.2347 0.2180 0.1152
0.3144 0.1599 0.0789 0.4468
0.0421 0.0164 0.7693 0.1722
0.6160 0.0831 0.2741 0.0267
0.2231 0.1583 0.0026 0.6160
0.0811 0.1514 0.6182 0.1493

MOTIF filter11
letter-probability matrix: alength= 4 w= 7 nsites= 71263
0.6739 0.0622 0.0691 0.1949
0.0785 0.2247 0.0004 0.6963
0.0912 0.2692 0.2600 0.3797
0.1930 0.2178 0.4882 0.1010
0.2633 0.0341 0.3115 0.3911
0.3459 0.1437 0.0091 0.5014
0.4027 0.0664 0.3937 0.1372

MOTIF filter12
letter-probability matrix: alength= 4 w= 7 nsites= 105604
0.1822 0.3245 0.0121 0.4812
0.6703 0.1491 0.0388 0.1419
0.6064 0.1053 0.0668 0.2215
0.4843 0.1483 0.1202 0.2472
0.3863 0.2719 0.0308 0.3110
0.0938 0.2128 0.0025 0.6909
0.1472 0.3085 0.0705 0.4738

MOTIF filter13
letter-probability matrix: alength= 4 w= 7 nsites= 65938
0.2168 0.2724 0.1039 0.4069
0.0427 0.1518 0.1997 0.6058
0.1903 0.1451 0.3605 0.3042
0.2662 0.0432 0.6291 0.0615
0.0562 0.1115 0.7585 0.0737
0.2391 0.3580 0.2898 0.1130
0.6245 0.1022 0.1126 0.1607

MOTIF filter14
letter-probability matrix: alength= 4 w= 7 nsites= 617900
0.3259 0.2188 0.1643 0.2910
0.3198 0.2293 0.1982 0.2528
0.3708 0.2066 0.1979 0.2247
0.4157 0.0651 0.1844 0.3347
0.0000 0.0000 1.0000 0.0000
0.4032 0.2406 0.0133 0.3429
0.3364 0.1672 0.1677 0.3286

MOTIF filter15
letter-probability matrix: alength= 4 w= 7 nsites= 34434
0.3948 0.1692 0.1333 0.3027
0.0402 0.0045 0.8254 0.1299
0.6233 0.1504 0.0910 0.1353
0.2078 0.3836 0.0460 0.3626
0.1062 0.1700 0.0413 0.6825
0.1359 0.1856 0.4370 0.2415
0.6976 0.0270 0.2361 0.0393

