MEME version 4

ALPHABET= ACGU

Background letter frequencies:
A 0.2395 C 0.2428 G 0.2557 U 0.2619

MOTIF filter0
letter-probability matrix: alength= 4 w= 7 nsites= 64014
0.1406 0.2107 0.2902 0.3585
0.0618 0.3544 0.2424 0.3414
0.4174 0.0539 0.2784 0.2502
0.3675 0.2146 0.2928 0.1250
0.2797 0.4254 0.2778 0.0171
0.4572 0.0944 0.3926 0.0557
0.6953 0.0197 0.2748 0.0102

MOTIF filter1
letter-probability matrix: alength= 4 w= 7 nsites= 39438
0.2554 0.1831 0.0682 0.4934
0.4239 0.0499 0.0280 0.4982
0.0639 0.5327 0.0458 0.3576
0.0078 0.2439 0.0171 0.7313
0.0132 0.0605 0.6825 0.2437
0.1593 0.0841 0.1111 0.6455
0.1159 0.1305 0.0088 0.7448

MOTIF filter2
letter-probability matrix: alength= 4 w= 7 nsites= 66874
0.4292 0.1642 0.2358 0.1708
0.1471 0.3727 0.1113 0.3689
0.4885 0.0079 0.1942 0.3094
0.0208 0.0183 0.6161 0.3447
0.4718 0.0078 0.3990 0.1214
0.3498 0.0261 0.5843 0.0398
0.6211 0.0068 0.0521 0.3199

MOTIF filter3
letter-probability matrix: alength= 4 w= 7 nsites= 30394
0.2222 0.0082 0.0113 0.7584
0.8530 0.1299 0.0080 0.0090
0.6085 0.2295 0.0115 0.1505
0.3403 0.2417 0.0456 0.3724
0.1817 0.1251 0.0477 0.6455
0.4877 0.2257 0.1257 0.1609
0.2440 0.6018 0.0979 0.0563

MOTIF filter4
letter-probability matrix: alength= 4 w= 7 nsites= 47857
0.0029 0.4831 0.0583 0.4557
0.3192 0.0986 0.3306 0.2516
0.0299 0.0853 0.8844 0.0005
0.0466 0.3250 0.5742 0.0543
0.0461 0.7146 0.1814 0.0579
0.2508 0.2043 0.0431 0.5018
0.0559 0.4273 0.2738 0.2429

MOTIF filter5
letter-probability matrix: alength= 4 w= 7 nsites= 43482
0.2207 0.0581 0.4145 0.3067
0.1255 0.0613 0.3741 0.4392
0.0946 0.1199 0.5230 0.2625
0.7918 0.0130 0.0432 0.1520
0.2151 0.0705 0.6945 0.0200
0.7288 0.0765 0.1081 0.0866
0.6012 0.2261 0.1438 0.0288

MOTIF filter6
letter-probability matrix: alength= 4 w= 7 nsites= 41034
0.0616 0.6133 0.0372 0.2879
0.6875 0.0948 0.1619 0.0558
0.2442 0.2484 0.2197 0.2877
0.2066 0.2441 0.2081 0.3412
0.7639 0.0892 0.1276 0.0193
0.1318 0.1107 0.3601 0.3974
0.0835 0.5110 0.2526 0.1528

MOTIF filter7
letter-probability matrix: alength= 4 w= 7 nsites= 17849
0.1277 0.1979 0.1916 0.4827
0.0165 0.7258 0.1069 0.1509
0.4137 0.0039 0.4691 0.1133
0.5380 0.0583 0.0541 0.3496
0.0250 0.8627 0.0527 0.0597
0.2105 0.1356 0.5367 0.1172
0.7931 0.0565 0.0479 0.1024

MOTIF filter8
letter-probability matrix: alength= 4 w= 7 nsites= 226316
0.2826 0.3054 0.2629 0.1491
0.3377 0.3519 0.1021 0.2083
0.3591 0.0866 0.1397 0.4146
0.0000 0.0000 1.0000 0.0000
0.3880 0.2705 0.0115 0.3300
0.3043 0.3341 0.0430 0.3186
0.3593 0.1690 0.1903 0.2814

MOTIF filter9
letter-probability matrix: alength= 4 w= 7 nsites= 42693
0.7757 0.0620 0.0163 0.1459
0.0078 0.1324 0.3990 0.4608
0.1093 0.2255 0.3678 0.2974
0.2157 0.3471 0.2751 0.1621
0.4048 0.3757 0.0642 0.1553
0.2251 0.4345 0.2636 0.0769
0.0072 0.0303 0.9480 0.0144

MOTIF filter10
letter-probability matrix: alength= 4 w= 7 nsites= 45352
0.3131 0.0605 0.5732 0.0532
0.3471 0.0842 0.3785 0.1902
0.2881 0.4762 0.1150 0.1206
0.3803 0.1457 0.1189 0.3551
0.2263 0.3660 0.1314 0.2763
0.1116 0.4405 0.1467 0.3012
0.2524 0.1939 0.2633 0.2903

MOTIF filter11
letter-probability matrix: alength= 4 w= 7 nsites= 64554
0.2832 0.1575 0.2629 0.2964
0.3193 0.1877 0.1864 0.3066
0.0162 0.5908 0.1294 0.2636
0.2705 0.4651 0.0849 0.1796
0.0004 0.9380 0.0267 0.0349
0.8431 0.0108 0.0378 0.1083
0.1176 0.2205 0.5380 0.1240

MOTIF filter12
letter-probability matrix: alength= 4 w= 7 nsites= 162065
0.0000 0.0000 1.0000 0.0000
0.3558 0.2597 0.0148 0.3697
0.4231 0.1475 0.0788 0.3507
0.2566 0.1922 0.2631 0.2881
0.2858 0.2100 0.1319 0.3723
0.2293 0.2255 0.2630 0.2821
0.3118 0.2210 0.0813 0.3859

MOTIF filter13
letter-probability matrix: alength= 4 w= 7 nsites= 69648
0.4476 0.2727 0.0433 0.2364
0.6901 0.0122 0.0506 0.2471
0.2803 0.2660 0.1294 0.3243
0.2004 0.4750 0.0856 0.2390
0.1408 0.0413 0.0000 0.8179
0.4201 0.3607 0.0144 0.2048
0.5587 0.1123 0.1984 0.1306

MOTIF filter14
letter-probability matrix: alength= 4 w= 7 nsites= 83585
0.0477 0.1347 0.7280 0.0896
0.3764 0.3064 0.1881 0.1291
0.3702 0.0826 0.0941 0.4532
0.0393 0.0639 0.7915 0.1053
0.3923 0.4819 0.0958 0.0300
0.2016 0.2611 0.0108 0.5264
0.0611 0.4252 0.4601 0.0536

MOTIF filter15
letter-probability matrix: alength= 4 w= 7 nsites= 92272
0.1333 0.3564 0.0411 0.4692
0.1227 0.1470 0.0714 0.6589
0.1037 0.0847 0.3030 0.5086
0.0356 0.2664 0.1572 0.5407
0.0322 0.2456 0.0101 0.7120
0.0260 0.4319 0.0067 0.5354
0.2079 0.2944 0.0362 0.4616

