MEME version 4

ALPHABET= ACGU

Background letter frequencies:
A 0.2659 C 0.2127 G 0.2284 U 0.2930

MOTIF filter0
letter-probability matrix: alength= 4 w= 7 nsites= 117439
0.0000 0.0009 0.9966 0.0025
0.1543 0.2488 0.5958 0.0011
0.4109 0.2382 0.0798 0.2711
0.3261 0.3082 0.2047 0.1610
0.2778 0.5079 0.0126 0.2017
0.1734 0.3716 0.0088 0.4462
0.1393 0.5269 0.0921 0.2417

MOTIF filter1
letter-probability matrix: alength= 4 w= 7 nsites= 93659
0.2552 0.3261 0.3142 0.1045
0.1959 0.3283 0.0796 0.3962
0.0534 0.0647 0.2552 0.6267
0.4109 0.1028 0.4367 0.0496
0.0736 0.2045 0.6796 0.0423
0.7078 0.0801 0.0793 0.1329
0.1158 0.1404 0.5032 0.2406

MOTIF filter2
letter-probability matrix: alength= 4 w= 7 nsites= 118462
0.1088 0.1227 0.0706 0.6978
0.1584 0.0860 0.0263 0.7293
0.1005 0.0998 0.0374 0.7623
0.2474 0.0144 0.0482 0.6900
0.3585 0.3212 0.0088 0.3115
0.1308 0.1536 0.0380 0.6775
0.0780 0.0597 0.3372 0.5251

MOTIF filter3
letter-probability matrix: alength= 4 w= 7 nsites= 63494
0.4896 0.1473 0.2182 0.1449
0.1149 0.4685 0.0757 0.3408
0.7254 0.1939 0.0110 0.0697
0.5693 0.0443 0.3379 0.0485
0.2119 0.0346 0.7347 0.0189
0.0891 0.2982 0.3005 0.3122
0.4595 0.0776 0.0930 0.3699

MOTIF filter4
letter-probability matrix: alength= 4 w= 7 nsites= 47603
0.5121 0.2078 0.1664 0.1136
0.1080 0.4331 0.0613 0.3977
0.0345 0.8657 0.0631 0.0367
0.4640 0.0123 0.0798 0.4438
0.2505 0.1343 0.2154 0.3998
0.0030 0.0920 0.7929 0.1121
0.3246 0.1263 0.1770 0.3722

MOTIF filter5
letter-probability matrix: alength= 4 w= 7 nsites= 99378
0.0321 0.1922 0.3409 0.4348
0.1252 0.4892 0.2094 0.1763
0.1043 0.4523 0.1507 0.2927
0.0010 0.7814 0.0112 0.2064
0.1548 0.1410 0.0033 0.7009
0.0007 0.1661 0.7041 0.1292
0.1586 0.4769 0.0690 0.2955

MOTIF filter6
letter-probability matrix: alength= 4 w= 7 nsites= 151375
0.3539 0.0105 0.0424 0.5932
0.0422 0.0000 0.9578 0.0000
0.1723 0.2311 0.0040 0.5925
0.4260 0.1790 0.0271 0.3679
0.2434 0.0744 0.1564 0.5257
0.2902 0.0840 0.2144 0.4113
0.1539 0.0608 0.2675 0.5178

MOTIF filter7
letter-probability matrix: alength= 4 w= 7 nsites= 47977
0.0417 0.0200 0.7840 0.1542
0.1910 0.0799 0.1021 0.6271
0.2354 0.0270 0.1008 0.6367
0.1747 0.0140 0.7086 0.1026
0.1483 0.0385 0.0559 0.7573
0.1554 0.2928 0.0379 0.5139
0.0213 0.3920 0.0104 0.5762

MOTIF filter8
letter-probability matrix: alength= 4 w= 7 nsites= 53611
0.0006 0.1592 0.0345 0.8058
0.3203 0.1169 0.4227 0.1401
0.5483 0.0008 0.4258 0.0251
0.0498 0.0925 0.7613 0.0964
0.4700 0.4591 0.0132 0.0576
0.1200 0.1468 0.1310 0.6021
0.2447 0.1530 0.1393 0.4630

MOTIF filter9
letter-probability matrix: alength= 4 w= 7 nsites= 501822
0.2844 0.2612 0.1625 0.2919
0.3331 0.3114 0.0797 0.2759
0.3266 0.2715 0.1036 0.2983
0.2437 0.2412 0.2716 0.2435
0.4386 0.0655 0.1145 0.3814
0.0000 0.0000 1.0000 0.0000
0.3656 0.3175 0.0000 0.3168

MOTIF filter10
letter-probability matrix: alength= 4 w= 7 nsites= 94371
0.0426 0.0031 0.9522 0.0021
0.5848 0.0521 0.0000 0.3631
0.5661 0.0784 0.0747 0.2809
0.5327 0.1638 0.0355 0.2679
0.1499 0.1316 0.4212 0.2973
0.4059 0.0797 0.1405 0.3739
0.3175 0.1891 0.1752 0.3183

MOTIF filter11
letter-probability matrix: alength= 4 w= 7 nsites= 81369
0.3897 0.2507 0.2195 0.1401
0.4645 0.0113 0.0058 0.5184
0.0106 0.0206 0.8245 0.1444
0.8718 0.0638 0.0000 0.0644
0.3536 0.2411 0.0149 0.3903
0.4139 0.1173 0.0018 0.4669
0.4964 0.2601 0.0426 0.2009

MOTIF filter12
letter-probability matrix: alength= 4 w= 7 nsites= 100123
0.1090 0.6269 0.0003 0.2639
0.2412 0.2011 0.0006 0.5572
0.1416 0.2190 0.0704 0.5690
0.1591 0.0377 0.0654 0.7379
0.3296 0.0469 0.4092 0.2144
0.0152 0.2647 0.5009 0.2192
0.2640 0.3297 0.1030 0.3032

MOTIF filter13
letter-probability matrix: alength= 4 w= 7 nsites= 111139
0.0849 0.0438 0.5845 0.2868
0.1745 0.4095 0.3440 0.0720
0.4412 0.1848 0.0940 0.2801
0.1389 0.3320 0.3804 0.1487
0.2145 0.1579 0.2004 0.4272
0.0011 0.0043 0.9909 0.0037
0.3173 0.1526 0.3363 0.1938

MOTIF filter14
letter-probability matrix: alength= 4 w= 7 nsites= 70555
0.5689 0.0287 0.0952 0.3072
0.2013 0.1612 0.5754 0.0622
0.5601 0.0079 0.4003 0.0317
0.6654 0.1707 0.0035 0.1603
0.2437 0.5623 0.1207 0.0733
0.5855 0.3507 0.0111 0.0527
0.6230 0.0687 0.0644 0.2439

MOTIF filter15
letter-probability matrix: alength= 4 w= 7 nsites= 76704
0.5123 0.2105 0.0005 0.2767
0.6998 0.0152 0.0487 0.2364
0.6722 0.1616 0.0033 0.1629
0.3887 0.4098 0.0002 0.2013
0.3272 0.2400 0.0185 0.4143
0.3955 0.2586 0.0828 0.2631
0.4249 0.2827 0.0444 0.2481

