MEME version 4

ALPHABET= ACGU

Background letter frequencies:
A 0.2740 C 0.1911 G 0.1936 U 0.3414

MOTIF filter0
letter-probability matrix: alength= 4 w= 7 nsites= 212194
0.1962 0.3687 0.0729 0.3621
0.7587 0.2013 0.0114 0.0285
0.4494 0.1285 0.1321 0.2900
0.0957 0.2731 0.2397 0.3915
0.1771 0.3395 0.2466 0.2368
0.1198 0.1429 0.1184 0.6189
0.0989 0.4054 0.1460 0.3498

MOTIF filter1
letter-probability matrix: alength= 4 w= 7 nsites= 97319
0.0662 0.0043 0.0169 0.9126
0.0475 0.0540 0.6180 0.2806
0.5507 0.0004 0.3358 0.1131
0.0248 0.0202 0.8507 0.1043
0.4863 0.1703 0.1512 0.1922
0.1829 0.2624 0.0633 0.4913
0.2150 0.1755 0.1279 0.4815

MOTIF filter2
letter-probability matrix: alength= 4 w= 7 nsites= 217267
0.4797 0.0184 0.2185 0.2834
0.1058 0.2100 0.6303 0.0540
0.4762 0.2765 0.0102 0.2370
0.2690 0.0495 0.0183 0.6632
0.2154 0.2701 0.0679 0.4466
0.3100 0.2340 0.1381 0.3179
0.2981 0.0543 0.1791 0.4685

MOTIF filter3
letter-probability matrix: alength= 4 w= 7 nsites= 87090
0.0776 0.6064 0.1708 0.1453
0.1090 0.5324 0.2688 0.0898
0.3869 0.0968 0.0671 0.4493
0.4382 0.1204 0.1261 0.3154
0.1913 0.2751 0.0518 0.4818
0.4193 0.0544 0.0751 0.4513
0.0909 0.2415 0.0176 0.6500

MOTIF filter4
letter-probability matrix: alength= 4 w= 7 nsites= 88812
0.0298 0.8901 0.0280 0.0521
0.1691 0.5384 0.0116 0.2809
0.3954 0.0401 0.2139 0.3506
0.0388 0.2098 0.4096 0.3417
0.0551 0.8184 0.0401 0.0864
0.1790 0.3653 0.0714 0.3843
0.4035 0.0108 0.0902 0.4955

MOTIF filter5
letter-probability matrix: alength= 4 w= 7 nsites= 189753
0.3388 0.4189 0.0134 0.2290
0.3754 0.0908 0.0116 0.5223
0.2304 0.6405 0.0319 0.0972
0.1948 0.0229 0.0011 0.7812
0.0716 0.4778 0.2454 0.2052
0.1153 0.2163 0.2362 0.4322
0.4147 0.0140 0.1905 0.3808

MOTIF filter6
letter-probability matrix: alength= 4 w= 7 nsites= 194590
0.5719 0.2958 0.0319 0.1003
0.5503 0.0149 0.2219 0.2130
0.3597 0.1843 0.0788 0.3771
0.0246 0.2399 0.0099 0.7257
0.5059 0.2161 0.0068 0.2712
0.1636 0.1190 0.1746 0.5428
0.1255 0.1770 0.3941 0.3034

MOTIF filter7
letter-probability matrix: alength= 4 w= 7 nsites= 43862
0.2832 0.7012 0.0093 0.0063
0.3556 0.5473 0.0028 0.0943
0.3826 0.0346 0.0918 0.4910
0.0129 0.0305 0.8227 0.1339
0.1249 0.7107 0.0630 0.1014
0.7349 0.0877 0.0587 0.1188
0.4761 0.1027 0.2001 0.2211

MOTIF filter8
letter-probability matrix: alength= 4 w= 7 nsites= 54672
0.5006 0.1687 0.2174 0.1133
0.1104 0.0318 0.2121 0.6457
0.1956 0.0797 0.1387 0.5860
0.0354 0.0348 0.9082 0.0216
0.0057 0.3044 0.6824 0.0075
0.4782 0.0049 0.3381 0.1788
0.6144 0.0359 0.2897 0.0600

MOTIF filter9
letter-probability matrix: alength= 4 w= 7 nsites= 56456
0.2512 0.5691 0.1099 0.0698
0.1892 0.5307 0.0428 0.2373
0.2569 0.4596 0.1308 0.1528
0.0070 0.4479 0.2776 0.2675
0.2561 0.5911 0.1351 0.0178
0.4595 0.4995 0.0148 0.0262
0.6647 0.0186 0.0307 0.2860

MOTIF filter10
letter-probability matrix: alength= 4 w= 7 nsites= 26216
0.0116 0.0249 0.2193 0.7442
0.0307 0.4494 0.1815 0.3384
0.6412 0.0051 0.2307 0.1230
0.1002 0.0525 0.6404 0.2069
0.0299 0.3813 0.0582 0.5306
0.0368 0.7369 0.0055 0.2208
0.7682 0.1221 0.0605 0.0492

MOTIF filter11
letter-probability matrix: alength= 4 w= 7 nsites= 137254
0.6912 0.2120 0.0843 0.0126
0.0168 0.6243 0.2669 0.0920
0.0534 0.2776 0.0640 0.6051
0.1533 0.2608 0.0417 0.5441
0.1856 0.2343 0.0418 0.5383
0.2371 0.1070 0.1871 0.4687
0.0348 0.0188 0.3402 0.6061

MOTIF filter12
letter-probability matrix: alength= 4 w= 7 nsites= 26436
0.2548 0.3661 0.1932 0.1859
0.0522 0.1679 0.0821 0.6977
0.1364 0.2877 0.1180 0.4579
0.0713 0.0498 0.2952 0.5837
0.0502 0.4316 0.3366 0.1816
0.4197 0.0530 0.1596 0.3677
0.0193 0.9449 0.0188 0.0169

MOTIF filter13
letter-probability matrix: alength= 4 w= 7 nsites= 346046
0.2874 0.0511 0.0654 0.5960
0.3247 0.1485 0.1055 0.4213
0.1121 0.4018 0.0165 0.4696
0.1201 0.0729 0.0207 0.7863
0.0436 0.0426 0.0492 0.8646
0.3121 0.0484 0.0587 0.5807
0.3931 0.2300 0.1960 0.1808

MOTIF filter14
letter-probability matrix: alength= 4 w= 7 nsites= 242169
0.3619 0.0349 0.2764 0.3268
0.1405 0.1911 0.1382 0.5302
0.0304 0.2541 0.1213 0.5942
0.0482 0.3209 0.0274 0.6036
0.0007 0.2958 0.1154 0.5881
0.2769 0.2538 0.0804 0.3889
0.1032 0.4631 0.0029 0.4307

MOTIF filter15
letter-probability matrix: alength= 4 w= 7 nsites= 94275
0.1474 0.1615 0.5674 0.1237
0.2572 0.2405 0.0985 0.4037
0.6479 0.0992 0.1083 0.1446
0.0789 0.0357 0.3035 0.5819
0.2358 0.5693 0.0947 0.1002
0.2140 0.6159 0.0295 0.1405
0.3381 0.2632 0.0572 0.3415

