MEME version 4

ALPHABET= ACGU

Background letter frequencies:
A 0.2989 C 0.1786 G 0.1849 U 0.3375

MOTIF filter0
letter-probability matrix: alength= 4 w= 7 nsites= 236115
0.0000 0.0001 0.9999 0.0000
0.3525 0.1836 0.0914 0.3725
0.3946 0.1831 0.1945 0.2278
0.4497 0.2586 0.0188 0.2730
0.3663 0.2764 0.0051 0.3522
0.4586 0.1459 0.0383 0.3572
0.2168 0.1963 0.3940 0.1929

MOTIF filter1
letter-probability matrix: alength= 4 w= 7 nsites= 158575
0.4152 0.0032 0.0012 0.5804
0.2603 0.0109 0.0072 0.7217
0.3680 0.0532 0.3455 0.2334
0.1942 0.2771 0.0896 0.4391
0.2520 0.0792 0.1114 0.5575
0.3896 0.0166 0.1112 0.4826
0.2117 0.0884 0.1685 0.5313

MOTIF filter2
letter-probability matrix: alength= 4 w= 7 nsites= 67079
0.1936 0.0488 0.5084 0.2492
0.7579 0.0153 0.2161 0.0107
0.0765 0.7931 0.0476 0.0828
0.2426 0.0023 0.0008 0.7543
0.1480 0.2732 0.1687 0.4101
0.1577 0.0762 0.4979 0.2682
0.1445 0.0372 0.4798 0.3385

MOTIF filter3
letter-probability matrix: alength= 4 w= 7 nsites= 43795
0.0182 0.5681 0.2817 0.1319
0.0845 0.3969 0.0284 0.4902
0.5466 0.0714 0.1220 0.2600
0.1217 0.0059 0.7845 0.0880
0.0085 0.1556 0.8122 0.0237
0.0534 0.3354 0.3996 0.2115
0.0708 0.4263 0.0568 0.4461

MOTIF filter4
letter-probability matrix: alength= 4 w= 7 nsites= 90299
0.2724 0.5527 0.0015 0.1733
0.4222 0.5163 0.0009 0.0607
0.1876 0.3737 0.0003 0.4385
0.4439 0.1523 0.0194 0.3844
0.3312 0.1245 0.0403 0.5040
0.3399 0.2079 0.0676 0.3846
0.3501 0.2754 0.1389 0.2355

MOTIF filter5
letter-probability matrix: alength= 4 w= 7 nsites= 81966
0.6065 0.2464 0.0295 0.1176
0.0013 0.0235 0.0166 0.9586
0.1269 0.1994 0.4662 0.2074
0.3167 0.2194 0.1212 0.3427
0.2662 0.0106 0.6504 0.0728
0.5212 0.1046 0.2825 0.0917
0.7754 0.0696 0.1397 0.0154

MOTIF filter6
letter-probability matrix: alength= 4 w= 7 nsites= 59737
0.2175 0.4123 0.0115 0.3587
0.0586 0.1791 0.0049 0.7574
0.1686 0.7426 0.0090 0.0798
0.3333 0.0390 0.0191 0.6086
0.0292 0.2209 0.6897 0.0602
0.5100 0.0692 0.1400 0.2808
0.5085 0.1171 0.0776 0.2968

MOTIF filter7
letter-probability matrix: alength= 4 w= 7 nsites= 241181
0.3967 0.1069 0.1189 0.3775
0.3958 0.0279 0.1313 0.4451
0.0000 0.0000 1.0000 0.0000
0.4530 0.1374 0.0133 0.3962
0.4483 0.2108 0.0178 0.3231
0.3042 0.1323 0.0800 0.4835
0.2646 0.1491 0.3109 0.2754

MOTIF filter8
letter-probability matrix: alength= 4 w= 7 nsites= 460811
0.2701 0.2722 0.1665 0.2912
0.4285 0.0591 0.0310 0.4814
0.0000 0.0000 1.0000 0.0000
0.3615 0.2542 0.0101 0.3742
0.3809 0.1735 0.0984 0.3472
0.2805 0.1857 0.2180 0.3158
0.2957 0.2051 0.1725 0.3266

MOTIF filter9
letter-probability matrix: alength= 4 w= 7 nsites= 161965
0.3443 0.2825 0.0350 0.3382
0.4946 0.0302 0.0032 0.4720
0.1264 0.1363 0.0118 0.7256
0.1547 0.1746 0.0000 0.6707
0.1277 0.5565 0.0000 0.3158
0.4954 0.2954 0.0001 0.2091
0.3185 0.3356 0.1434 0.2024

MOTIF filter10
letter-probability matrix: alength= 4 w= 7 nsites= 93219
0.8158 0.0014 0.0670 0.1158
0.8197 0.0089 0.0290 0.1425
0.0004 0.9761 0.0006 0.0229
0.2462 0.2651 0.0811 0.4077
0.2700 0.1415 0.2200 0.3685
0.2527 0.3007 0.0568 0.3898
0.2895 0.1172 0.0571 0.5362

MOTIF filter11
letter-probability matrix: alength= 4 w= 7 nsites= 132145
0.6145 0.0145 0.0792 0.2917
0.4405 0.1452 0.1310 0.2832
0.4292 0.2958 0.0759 0.1991
0.5137 0.4703 0.0091 0.0069
0.2177 0.0355 0.0196 0.7272
0.7907 0.1838 0.0200 0.0055
0.5268 0.1746 0.2288 0.0698

MOTIF filter12
letter-probability matrix: alength= 4 w= 7 nsites= 259907
0.5453 0.0170 0.0000 0.4378
0.4339 0.0077 0.0006 0.5578
0.3899 0.0709 0.0005 0.5387
0.3992 0.1786 0.0011 0.4211
0.4780 0.1779 0.1134 0.2307
0.4004 0.2008 0.0713 0.3275
0.2436 0.2246 0.1668 0.3650

MOTIF filter13
letter-probability matrix: alength= 4 w= 7 nsites= 296315
0.3523 0.1763 0.0592 0.4122
0.3831 0.0446 0.2152 0.3571
0.2998 0.1503 0.2651 0.2848
0.4487 0.0859 0.0025 0.4629
0.2965 0.1710 0.2083 0.3242
0.2591 0.2129 0.0096 0.5183
0.2686 0.1205 0.1723 0.4386

MOTIF filter14
letter-probability matrix: alength= 4 w= 7 nsites= 126491
0.3719 0.1008 0.2165 0.3109
0.1064 0.0358 0.1879 0.6699
0.0954 0.0463 0.2087 0.6495
0.1535 0.1923 0.1089 0.5453
0.1854 0.0383 0.0174 0.7588
0.0261 0.2885 0.6561 0.0293
0.5398 0.1919 0.0421 0.2263

MOTIF filter15
letter-probability matrix: alength= 4 w= 7 nsites= 116514
0.3361 0.3513 0.1229 0.1897
0.5292 0.1929 0.0055 0.2724
0.2439 0.3159 0.0524 0.3878
0.1040 0.1106 0.1998 0.5855
0.1917 0.0938 0.2141 0.5005
0.2321 0.1320 0.3179 0.3180
0.6469 0.0969 0.1256 0.1306

