MEME version 4

ALPHABET= ACGU

Background letter frequencies:
A 0.2466 C 0.2332 G 0.2469 U 0.2733

MOTIF filter0
letter-probability matrix: alength= 4 w= 7 nsites= 185813
0.3543 0.3236 0.0434 0.2787
0.1505 0.0251 0.2595 0.5649
0.0276 0.5992 0.0387 0.3345
0.2479 0.3846 0.0002 0.3673
0.1746 0.7449 0.0110 0.0695
0.3492 0.2172 0.1330 0.3006
0.1177 0.0668 0.2396 0.5759

MOTIF filter1
letter-probability matrix: alength= 4 w= 7 nsites= 153699
0.0193 0.1200 0.3011 0.5596
0.0109 0.0987 0.4261 0.4644
0.0743 0.3500 0.5542 0.0215
0.1397 0.3360 0.2632 0.2612
0.3111 0.0129 0.5009 0.1751
0.0511 0.0433 0.7415 0.1641
0.1355 0.0752 0.6554 0.1339

MOTIF filter2
letter-probability matrix: alength= 4 w= 7 nsites= 121465
0.0908 0.6200 0.0326 0.2566
0.1024 0.3533 0.4327 0.1116
0.3910 0.0580 0.5358 0.0152
0.4730 0.2170 0.0953 0.2148
0.2214 0.2127 0.3379 0.2280
0.6245 0.2752 0.0787 0.0217
0.1098 0.3793 0.2150 0.2959

MOTIF filter3
letter-probability matrix: alength= 4 w= 7 nsites= 13740
0.9088 0.0324 0.0381 0.0207
0.4766 0.1856 0.3345 0.0032
0.0915 0.2835 0.5736 0.0514
0.0885 0.0445 0.4336 0.4333
0.0314 0.0415 0.2915 0.6356
0.1094 0.7467 0.0253 0.1187
0.3213 0.6636 0.0020 0.0130

MOTIF filter4
letter-probability matrix: alength= 4 w= 7 nsites= 169032
0.0855 0.6671 0.1289 0.1185
0.6216 0.0156 0.0051 0.3577
0.1905 0.0298 0.5840 0.1958
0.4667 0.2301 0.2031 0.1001
0.2307 0.0529 0.3297 0.3866
0.3757 0.2167 0.3774 0.0303
0.6636 0.0455 0.2252 0.0656

MOTIF filter5
letter-probability matrix: alength= 4 w= 7 nsites= 90520
0.1244 0.1648 0.6584 0.0524
0.7903 0.0155 0.0776 0.1166
0.0898 0.3089 0.5615 0.0399
0.0088 0.1687 0.2970 0.5254
0.4540 0.0845 0.0960 0.3655
0.1217 0.4237 0.1935 0.2611
0.2368 0.3330 0.0565 0.3737

MOTIF filter6
letter-probability matrix: alength= 4 w= 7 nsites= 40167
0.0175 0.3471 0.2714 0.3640
0.1493 0.0971 0.6867 0.0669
0.1423 0.0858 0.2757 0.4962
0.0209 0.0114 0.8680 0.0998
0.1329 0.1171 0.5653 0.1847
0.0190 0.2929 0.6136 0.0745
0.1196 0.2063 0.0624 0.6117

MOTIF filter7
letter-probability matrix: alength= 4 w= 7 nsites= 145454
0.1609 0.0308 0.1306 0.6778
0.0280 0.0247 0.5062 0.4411
0.4017 0.0337 0.0287 0.5360
0.1316 0.5185 0.1192 0.2306
0.0822 0.4639 0.1820 0.2719
0.0237 0.2353 0.1383 0.6027
0.0226 0.2159 0.2254 0.5361

MOTIF filter8
letter-probability matrix: alength= 4 w= 7 nsites= 91979
0.2045 0.5418 0.1735 0.0803
0.6514 0.1097 0.0548 0.1841
0.4933 0.0818 0.1337 0.2912
0.1666 0.1589 0.0929 0.5817
0.3847 0.5107 0.0635 0.0411
0.2274 0.1712 0.2467 0.3546
0.4518 0.1835 0.3324 0.0323

MOTIF filter9
letter-probability matrix: alength= 4 w= 7 nsites= 72852
0.0367 0.1034 0.0151 0.8449
0.0627 0.6539 0.2393 0.0441
0.0216 0.4584 0.0041 0.5159
0.5601 0.0538 0.2655 0.1207
0.2984 0.0890 0.2948 0.3178
0.3844 0.0546 0.3582 0.2028
0.3657 0.0684 0.3449 0.2210

MOTIF filter10
letter-probability matrix: alength= 4 w= 7 nsites= 47552
0.1896 0.5516 0.1595 0.0993
0.2964 0.3259 0.1121 0.2656
0.0800 0.0290 0.1865 0.7046
0.0166 0.0714 0.1108 0.8012
0.7973 0.0455 0.0519 0.1053
0.0084 0.5410 0.0467 0.4039
0.1127 0.4936 0.1670 0.2267

MOTIF filter11
letter-probability matrix: alength= 4 w= 7 nsites= 186337
0.1541 0.3940 0.3921 0.0599
0.2980 0.2383 0.0224 0.4413
0.5578 0.1769 0.1548 0.1105
0.2396 0.0188 0.4976 0.2440
0.0393 0.5202 0.3467 0.0938
0.2337 0.3294 0.0266 0.4102
0.5192 0.0268 0.0461 0.4078

MOTIF filter12
letter-probability matrix: alength= 4 w= 7 nsites= 107338
0.3853 0.1247 0.2862 0.2038
0.1447 0.1096 0.6806 0.0650
0.0091 0.6203 0.2889 0.0817
0.0301 0.4637 0.0604 0.4458
0.2539 0.0221 0.4750 0.2491
0.1134 0.1447 0.1399 0.6020
0.0252 0.0500 0.8949 0.0299

MOTIF filter13
letter-probability matrix: alength= 4 w= 7 nsites= 86391
0.0962 0.0556 0.3741 0.4741
0.5733 0.0230 0.3749 0.0287
0.0296 0.3257 0.0280 0.6167
0.1869 0.3118 0.1319 0.3695
0.0380 0.2454 0.6634 0.0532
0.1276 0.3045 0.1520 0.4159
0.1045 0.1440 0.4298 0.3218

MOTIF filter14
letter-probability matrix: alength= 4 w= 7 nsites= 23538
0.5275 0.0094 0.0177 0.4454
0.1580 0.4833 0.1150 0.2436
0.0902 0.6180 0.1172 0.1746
0.0378 0.1614 0.0103 0.7905
0.5985 0.1946 0.0986 0.1082
0.0073 0.0105 0.4042 0.5780
0.6381 0.0354 0.1853 0.1412

MOTIF filter15
letter-probability matrix: alength= 4 w= 7 nsites= 60125
0.0760 0.4435 0.3423 0.1382
0.2136 0.6727 0.0620 0.0517
0.4530 0.3551 0.1366 0.0553
0.0512 0.2074 0.1950 0.5464
0.1013 0.2749 0.2312 0.3926
0.0138 0.6096 0.0355 0.3412
0.0094 0.6987 0.2840 0.0078

