MEME version 4

ALPHABET= ACGU

Background letter frequencies:
A 0.2454 C 0.2306 G 0.2477 U 0.2763

MOTIF filter0
letter-probability matrix: alength= 4 w= 7 nsites= 6915
0.5498 0.0711 0.2599 0.1192
0.2964 0.6544 0.0178 0.0314
0.1321 0.2336 0.1544 0.4800
0.0092 0.0526 0.8373 0.1009
0.2869 0.1340 0.5252 0.0539
0.3853 0.0643 0.0903 0.4600
0.6056 0.2542 0.1139 0.0263

MOTIF filter1
letter-probability matrix: alength= 4 w= 7 nsites= 9916
0.0089 0.9210 0.0475 0.0227
0.0655 0.5854 0.2133 0.1358
0.0442 0.1135 0.3314 0.5110
0.0310 0.1565 0.4744 0.3381
0.0280 0.5173 0.3138 0.1408
0.0031 0.5642 0.1641 0.2685
0.4474 0.3103 0.0498 0.1925

MOTIF filter2
letter-probability matrix: alength= 4 w= 7 nsites= 12821
0.5863 0.1135 0.2012 0.0991
0.3547 0.3536 0.1858 0.1059
0.0797 0.5126 0.3388 0.0689
0.0263 0.0287 0.9361 0.0090
0.0352 0.3521 0.3389 0.2737
0.0572 0.2030 0.6165 0.1233
0.3107 0.4878 0.1549 0.0466

MOTIF filter3
letter-probability matrix: alength= 4 w= 7 nsites= 22678
0.0444 0.3184 0.3021 0.3351
0.2450 0.1783 0.4588 0.1179
0.1999 0.0252 0.6580 0.1168
0.4142 0.0413 0.5097 0.0347
0.0353 0.0296 0.9177 0.0174
0.5076 0.2318 0.0635 0.1971
0.3373 0.4081 0.1872 0.0673

MOTIF filter4
letter-probability matrix: alength= 4 w= 7 nsites= 15995
0.0797 0.6705 0.0089 0.2410
0.2110 0.1611 0.0799 0.5480
0.0658 0.4920 0.0657 0.3765
0.1033 0.1649 0.2602 0.4717
0.1014 0.3406 0.1846 0.3735
0.1682 0.4600 0.1590 0.2128
0.1299 0.6663 0.1244 0.0794

MOTIF filter5
letter-probability matrix: alength= 4 w= 7 nsites= 27259
0.2784 0.1706 0.4616 0.0893
0.1152 0.0463 0.4086 0.4299
0.0398 0.2200 0.7015 0.0387
0.3420 0.3173 0.2224 0.1183
0.1515 0.0264 0.4016 0.4205
0.0108 0.0259 0.9387 0.0246
0.2151 0.1789 0.5987 0.0073

MOTIF filter6
letter-probability matrix: alength= 4 w= 7 nsites= 12995
0.0155 0.1036 0.8201 0.0608
0.3587 0.1829 0.1986 0.2598
0.3456 0.0057 0.1925 0.4563
0.1777 0.4913 0.2498 0.0812
0.1539 0.0812 0.1030 0.6620
0.0451 0.1309 0.4513 0.3728
0.2279 0.2283 0.1115 0.4323

MOTIF filter7
letter-probability matrix: alength= 4 w= 7 nsites= 15034
0.3868 0.2715 0.0700 0.2716
0.6677 0.2351 0.0061 0.0912
0.4162 0.4499 0.1047 0.0292
0.4248 0.2641 0.0096 0.3014
0.6513 0.0374 0.0958 0.2154
0.1156 0.0561 0.1257 0.7025
0.5697 0.3367 0.0127 0.0809

MOTIF filter8
letter-probability matrix: alength= 4 w= 7 nsites= 5891
0.3639 0.2684 0.2047 0.1630
0.0565 0.1841 0.1067 0.6528
0.0572 0.7942 0.0358 0.1128
0.6070 0.1720 0.0193 0.2017
0.0295 0.0092 0.0343 0.9271
0.0611 0.1513 0.6490 0.1386
0.2913 0.6146 0.0368 0.0573

MOTIF filter9
letter-probability matrix: alength= 4 w= 7 nsites= 19615
0.2639 0.1374 0.2539 0.3448
0.3111 0.0161 0.0144 0.6585
0.4496 0.0151 0.0591 0.4762
0.1531 0.0285 0.4656 0.3527
0.3794 0.1653 0.2184 0.2368
0.1445 0.0317 0.0142 0.8097
0.3943 0.0054 0.0180 0.5823

MOTIF filter10
letter-probability matrix: alength= 4 w= 7 nsites= 11741
0.0532 0.0645 0.2171 0.6651
0.0192 0.0492 0.3487 0.5829
0.3517 0.3053 0.2480 0.0949
0.2396 0.2381 0.3860 0.1363
0.0009 0.9029 0.0113 0.0849
0.1043 0.4426 0.0155 0.4376
0.2885 0.5056 0.0069 0.1991

MOTIF filter11
letter-probability matrix: alength= 4 w= 7 nsites= 9405
0.2947 0.3573 0.2001 0.1478
0.3378 0.3727 0.1666 0.1229
0.3242 0.1265 0.4984 0.0510
0.0377 0.8134 0.1453 0.0036
0.0716 0.2569 0.3955 0.2760
0.0870 0.1549 0.7007 0.0574
0.0288 0.0764 0.3500 0.5448

MOTIF filter12
letter-probability matrix: alength= 4 w= 7 nsites= 11746
0.0693 0.0846 0.7675 0.0786
0.1934 0.7192 0.0334 0.0540
0.3149 0.3229 0.0987 0.2635
0.1152 0.4462 0.3873 0.0512
0.4829 0.2517 0.2049 0.0606
0.1168 0.0520 0.6032 0.2280
0.1820 0.1051 0.7105 0.0025

MOTIF filter13
letter-probability matrix: alength= 4 w= 7 nsites= 21768
0.1744 0.2005 0.4048 0.2204
0.0754 0.0090 0.0947 0.8209
0.4125 0.2115 0.2636 0.1124
0.0666 0.0274 0.0593 0.8468
0.5159 0.0019 0.0167 0.4655
0.3008 0.0236 0.2669 0.4087
0.2341 0.1870 0.0170 0.5619

MOTIF filter14
letter-probability matrix: alength= 4 w= 7 nsites= 23837
0.4741 0.0380 0.0632 0.4247
0.2486 0.4788 0.0171 0.2554
0.4536 0.0040 0.0061 0.5363
0.2981 0.0597 0.1297 0.5125
0.8811 0.0087 0.0498 0.0604
0.4585 0.0264 0.2059 0.3093
0.6235 0.1783 0.0965 0.1017

MOTIF filter15
letter-probability matrix: alength= 4 w= 7 nsites= 7860
0.3692 0.1138 0.3110 0.2060
0.2083 0.0168 0.2940 0.4809
0.0757 0.0237 0.0750 0.8257
0.3400 0.0009 0.1934 0.4657
0.0310 0.0902 0.8535 0.0253
0.0552 0.2764 0.1428 0.5256
0.3430 0.1635 0.0908 0.4027

