MEME version 4

ALPHABET= ACGU

Background letter frequencies:
A 0.2693 C 0.2019 G 0.2115 U 0.3172

MOTIF filter0
letter-probability matrix: alength= 4 w= 7 nsites= 172317
0.2373 0.0305 0.6918 0.0404
0.3834 0.2198 0.3807 0.0160
0.3260 0.4388 0.0964 0.1389
0.3632 0.1695 0.0651 0.4022
0.4971 0.0097 0.4290 0.0641
0.3302 0.0817 0.5872 0.0008
0.6549 0.1215 0.1368 0.0869

MOTIF filter1
letter-probability matrix: alength= 4 w= 7 nsites= 102977
0.5215 0.1862 0.0028 0.2895
0.1075 0.3251 0.2478 0.3196
0.3140 0.0870 0.1155 0.4835
0.2407 0.1926 0.1060 0.4606
0.4676 0.2161 0.1136 0.2027
0.2563 0.3450 0.0825 0.3161
0.2561 0.1920 0.0815 0.4704

MOTIF filter2
letter-probability matrix: alength= 4 w= 7 nsites= 217029
0.0242 0.3421 0.0058 0.6279
0.6929 0.0302 0.2491 0.0277
0.4164 0.0602 0.3262 0.1971
0.7014 0.0531 0.1943 0.0512
0.5106 0.1259 0.2280 0.1355
0.4561 0.1838 0.2049 0.1552
0.3519 0.2300 0.1464 0.2717

MOTIF filter3
letter-probability matrix: alength= 4 w= 7 nsites= 93233
0.0305 0.0024 0.0009 0.9662
0.0990 0.0695 0.0082 0.8233
0.2662 0.0979 0.1920 0.4438
0.0436 0.3523 0.0906 0.5135
0.0007 0.1216 0.2432 0.6346
0.0098 0.2915 0.1402 0.5585
0.0005 0.1321 0.1360 0.7314

MOTIF filter4
letter-probability matrix: alength= 4 w= 7 nsites= 55203
0.6444 0.0570 0.0195 0.2791
0.2389 0.1431 0.0492 0.5688
0.1484 0.0677 0.4992 0.2847
0.1424 0.0916 0.0766 0.6894
0.2996 0.1194 0.2031 0.3778
0.0543 0.0561 0.1089 0.7807
0.1651 0.0988 0.2054 0.5307

MOTIF filter5
letter-probability matrix: alength= 4 w= 7 nsites= 109891
0.2725 0.2671 0.2612 0.1992
0.2515 0.1507 0.0000 0.5978
0.0046 0.2103 0.0000 0.7851
0.8125 0.0201 0.0038 0.1635
0.4250 0.3481 0.0653 0.1616
0.8575 0.0386 0.0920 0.0118
0.6453 0.0555 0.1512 0.1480

MOTIF filter6
letter-probability matrix: alength= 4 w= 7 nsites= 58713
0.0051 0.1934 0.7550 0.0466
0.0334 0.2706 0.0520 0.6440
0.1803 0.0431 0.7711 0.0055
0.0736 0.1146 0.7929 0.0189
0.3149 0.4583 0.0064 0.2204
0.1836 0.3020 0.1933 0.3210
0.1321 0.5463 0.1045 0.2170

MOTIF filter7
letter-probability matrix: alength= 4 w= 7 nsites= 38403
0.5361 0.0076 0.4007 0.0556
0.0000 0.3661 0.6049 0.0289
0.9178 0.0811 0.0010 0.0000
0.0000 0.2472 0.6025 0.1503
0.3612 0.0261 0.3263 0.2864
0.3045 0.4262 0.2690 0.0003
0.2100 0.1704 0.2559 0.3638

MOTIF filter8
letter-probability matrix: alength= 4 w= 7 nsites= 104679
0.1415 0.8264 0.0012 0.0309
0.1531 0.4850 0.0264 0.3355
0.0874 0.2429 0.4484 0.2213
0.1538 0.3379 0.2759 0.2324
0.4299 0.3621 0.1780 0.0299
0.2089 0.3414 0.2411 0.2086
0.2751 0.4864 0.1821 0.0564

MOTIF filter9
letter-probability matrix: alength= 4 w= 7 nsites= 75802
0.5929 0.0577 0.2601 0.0894
0.0004 0.1851 0.8026 0.0119
0.0054 0.5474 0.3284 0.1188
0.0366 0.9455 0.0178 0.0000
0.3338 0.4507 0.0070 0.2086
0.1872 0.2074 0.2003 0.4051
0.1969 0.2187 0.4948 0.0896

MOTIF filter10
letter-probability matrix: alength= 4 w= 7 nsites= 91853
0.3160 0.2078 0.2123 0.2639
0.2167 0.0692 0.4137 0.3004
0.1052 0.4719 0.0002 0.4227
0.0454 0.6296 0.1442 0.1809
0.6042 0.0309 0.3336 0.0313
0.0188 0.0000 0.9811 0.0000
0.1634 0.1002 0.5341 0.2022

MOTIF filter11
letter-probability matrix: alength= 4 w= 7 nsites= 197464
0.0828 0.2277 0.0646 0.6248
0.2738 0.0713 0.0039 0.6510
0.0249 0.1433 0.0001 0.8317
0.0069 0.0043 0.0062 0.9825
0.2032 0.0015 0.0019 0.7934
0.0471 0.1572 0.1771 0.6187
0.2413 0.1421 0.2147 0.4020

MOTIF filter12
letter-probability matrix: alength= 4 w= 7 nsites= 38363
0.0800 0.0567 0.0000 0.8632
0.4549 0.0519 0.4786 0.0146
0.7997 0.0562 0.0609 0.0832
0.2444 0.1056 0.4469 0.2030
0.2746 0.1890 0.2008 0.3356
0.3592 0.2231 0.1962 0.2215
0.3903 0.2254 0.1215 0.2629

MOTIF filter13
letter-probability matrix: alength= 4 w= 7 nsites= 37861
0.3040 0.4371 0.0492 0.2098
0.3009 0.1386 0.0087 0.5517
0.0505 0.1736 0.7657 0.0101
0.7510 0.1835 0.0022 0.0633
0.1069 0.0583 0.7669 0.0679
0.1918 0.0227 0.7851 0.0004
0.4145 0.2198 0.0761 0.2896

MOTIF filter14
letter-probability matrix: alength= 4 w= 7 nsites= 220874
0.2557 0.0800 0.0376 0.6267
0.1932 0.0685 0.0287 0.7097
0.1810 0.1001 0.0711 0.6479
0.0455 0.0183 0.0202 0.9159
0.1281 0.0758 0.0000 0.7961
0.1426 0.0953 0.0533 0.7088
0.2093 0.0428 0.0188 0.7292

MOTIF filter15
letter-probability matrix: alength= 4 w= 7 nsites= 134155
0.3553 0.0716 0.0002 0.5729
0.0000 0.0086 0.9914 0.0000
0.1424 0.2367 0.1902 0.4308
0.0320 0.4554 0.4927 0.0199
0.0489 0.2007 0.0192 0.7312
0.0490 0.2716 0.3287 0.3506
0.1169 0.3649 0.1815 0.3366

