MEME version 4

ALPHABET= ACGU

Background letter frequencies:
A 0.2867 C 0.1864 G 0.1979 U 0.3290

MOTIF filter0
letter-probability matrix: alength= 4 w= 7 nsites= 85063
0.5647 0.0272 0.1942 0.2139
0.0675 0.0349 0.8782 0.0193
0.3746 0.1023 0.2541 0.2689
0.1182 0.0690 0.4478 0.3650
0.2850 0.1004 0.3387 0.2759
0.2859 0.1617 0.3025 0.2499
0.2404 0.1744 0.1092 0.4760

MOTIF filter1
letter-probability matrix: alength= 4 w= 7 nsites= 68415
0.6396 0.0547 0.3018 0.0039
0.0405 0.1856 0.7720 0.0019
0.2103 0.3145 0.1794 0.2959
0.2838 0.4050 0.1870 0.1242
0.4006 0.3147 0.2463 0.0385
0.1697 0.2518 0.5627 0.0158
0.5040 0.1368 0.1395 0.2197

MOTIF filter2
letter-probability matrix: alength= 4 w= 7 nsites= 34267
0.4648 0.3429 0.0577 0.1346
0.0711 0.5960 0.0004 0.3325
0.0000 0.0359 0.0002 0.9639
0.0075 0.1213 0.6846 0.1866
0.0374 0.0900 0.0093 0.8632
0.7835 0.1023 0.0936 0.0206
0.2628 0.6265 0.0275 0.0832

MOTIF filter3
letter-probability matrix: alength= 4 w= 7 nsites= 35517
0.0076 0.0250 0.0945 0.8730
0.8842 0.0563 0.0150 0.0444
0.4561 0.3561 0.0286 0.1593
0.6599 0.2606 0.0127 0.0668
0.2653 0.0604 0.0634 0.6109
0.4834 0.0830 0.0300 0.4035
0.3571 0.1467 0.1523 0.3439

MOTIF filter4
letter-probability matrix: alength= 4 w= 7 nsites= 36115
0.7012 0.1437 0.0156 0.1395
0.7031 0.0722 0.0986 0.1261
0.6881 0.0935 0.1714 0.0470
0.3008 0.0087 0.6668 0.0238
0.3530 0.1145 0.5090 0.0235
0.2131 0.1819 0.4887 0.1162
0.4657 0.0191 0.0677 0.4475

MOTIF filter5
letter-probability matrix: alength= 4 w= 7 nsites= 40644
0.0337 0.0975 0.3938 0.4750
0.1123 0.0423 0.6692 0.1762
0.4130 0.0168 0.2150 0.3552
0.0120 0.0730 0.8903 0.0247
0.2746 0.4511 0.1013 0.1730
0.1703 0.1539 0.4358 0.2400
0.0969 0.1160 0.3663 0.4208

MOTIF filter6
letter-probability matrix: alength= 4 w= 7 nsites= 80093
0.1553 0.1311 0.2070 0.5066
0.7597 0.1996 0.0297 0.0110
0.2986 0.5324 0.0180 0.1510
0.5227 0.0380 0.0032 0.4361
0.3522 0.5331 0.0146 0.1001
0.1886 0.4628 0.0053 0.3433
0.2869 0.6709 0.0025 0.0397

MOTIF filter7
letter-probability matrix: alength= 4 w= 7 nsites= 268143
0.0962 0.2784 0.0000 0.6253
0.1028 0.3108 0.0000 0.5863
0.4368 0.2446 0.0039 0.3148
0.1585 0.1767 0.0000 0.6648
0.3445 0.1994 0.0058 0.4504
0.2277 0.1951 0.0016 0.5756
0.3705 0.2951 0.0733 0.2612

MOTIF filter8
letter-probability matrix: alength= 4 w= 7 nsites= 388834
0.3170 0.3245 0.0259 0.3326
0.2685 0.1643 0.1859 0.3814
0.3694 0.0365 0.2382 0.3560
0.0000 0.0000 1.0000 0.0000
0.1521 0.1852 0.4109 0.2519
0.2478 0.2004 0.3362 0.2155
0.2949 0.2103 0.2033 0.2914

MOTIF filter9
letter-probability matrix: alength= 4 w= 7 nsites= 37405
0.0388 0.0416 0.0691 0.8504
0.4639 0.0035 0.4481 0.0846
0.0754 0.0505 0.0140 0.8600
0.6597 0.0019 0.3361 0.0023
0.0029 0.0181 0.0012 0.9778
0.7663 0.0018 0.1185 0.1135
0.2093 0.2778 0.0705 0.4424

MOTIF filter10
letter-probability matrix: alength= 4 w= 7 nsites= 73996
0.2509 0.2341 0.0912 0.4238
0.0003 0.0371 0.9230 0.0396
0.0973 0.5586 0.0861 0.2580
0.0379 0.4859 0.0781 0.3981
0.1318 0.5722 0.0157 0.2804
0.1370 0.3897 0.2773 0.1961
0.3311 0.3594 0.2091 0.1005

MOTIF filter11
letter-probability matrix: alength= 4 w= 7 nsites= 26170
0.0461 0.6386 0.1684 0.1468
0.2713 0.3769 0.3013 0.0505
0.3122 0.1508 0.3795 0.1575
0.0086 0.1262 0.7340 0.1312
0.5526 0.0705 0.1968 0.1800
0.0731 0.0085 0.9129 0.0055
0.3812 0.1184 0.3695 0.1309

MOTIF filter12
letter-probability matrix: alength= 4 w= 7 nsites= 52803
0.4800 0.4027 0.0378 0.0794
0.1312 0.8620 0.0065 0.0003
0.2244 0.0379 0.1276 0.6101
0.2255 0.2329 0.3423 0.1993
0.1276 0.1994 0.4435 0.2295
0.1867 0.3778 0.2395 0.1960
0.3026 0.3858 0.0149 0.2968

MOTIF filter13
letter-probability matrix: alength= 4 w= 7 nsites= 33997
0.4702 0.3242 0.0657 0.1399
0.0349 0.3758 0.0491 0.5402
0.0105 0.2637 0.1328 0.5930
0.0668 0.0595 0.8440 0.0297
0.3240 0.1181 0.5575 0.0005
0.1007 0.1791 0.5794 0.1408
0.0426 0.2758 0.5681 0.1135

MOTIF filter14
letter-probability matrix: alength= 4 w= 7 nsites= 67881
0.0009 0.0313 0.0767 0.8911
0.3597 0.2423 0.0000 0.3980
0.0650 0.0004 0.2105 0.7240
0.6340 0.0009 0.3650 0.0002
0.4892 0.3394 0.1713 0.0000
0.7442 0.0531 0.1848 0.0179
0.5277 0.0384 0.0476 0.3863

MOTIF filter15
letter-probability matrix: alength= 4 w= 7 nsites= 65414
0.0454 0.4252 0.4849 0.0446
0.1524 0.5853 0.1775 0.0848
0.0585 0.4531 0.1725 0.3159
0.2028 0.6180 0.0709 0.1082
0.1672 0.4962 0.1927 0.1440
0.0304 0.7905 0.1168 0.0623
0.2237 0.4377 0.1045 0.2341

