MEME version 4

ALPHABET= ACGU

Background letter frequencies:
A 0.2807 C 0.1761 G 0.1774 U 0.3658

MOTIF filter0
letter-probability matrix: alength= 4 w= 7 nsites= 313725
0.3253 0.0276 0.0961 0.5509
0.3099 0.1044 0.2008 0.3849
0.3032 0.1491 0.0740 0.4737
0.2346 0.0560 0.3856 0.3239
0.0000 0.0000 1.0000 0.0000
0.2998 0.1354 0.3302 0.2346
0.3735 0.1862 0.1039 0.3364

MOTIF filter1
letter-probability matrix: alength= 4 w= 7 nsites= 201587
0.1609 0.0942 0.0577 0.6871
0.0482 0.3596 0.0180 0.5742
0.3318 0.0281 0.1323 0.5079
0.4910 0.0625 0.0114 0.4351
0.2251 0.0295 0.2022 0.5432
0.0023 0.2817 0.0339 0.6822
0.0513 0.0306 0.1679 0.7502

MOTIF filter2
letter-probability matrix: alength= 4 w= 7 nsites= 170990
0.1902 0.2566 0.4199 0.1333
0.3321 0.1419 0.0917 0.4344
0.2794 0.0509 0.1614 0.5082
0.1639 0.3099 0.3243 0.2020
0.3865 0.2020 0.0503 0.3613
0.1608 0.2319 0.0229 0.5844
0.4026 0.1314 0.2483 0.2177

MOTIF filter3
letter-probability matrix: alength= 4 w= 7 nsites= 53969
0.6838 0.0036 0.0125 0.3001
0.0321 0.1533 0.6713 0.1433
0.4166 0.0918 0.0983 0.3932
0.0788 0.1951 0.0286 0.6976
0.1899 0.2052 0.0507 0.5543
0.7840 0.1017 0.0648 0.0495
0.1255 0.0843 0.6497 0.1405

MOTIF filter4
letter-probability matrix: alength= 4 w= 7 nsites= 142829
0.1220 0.0022 0.3265 0.5493
0.1195 0.0012 0.4958 0.3834
0.0440 0.0000 0.7644 0.1916
0.2718 0.0684 0.4085 0.2513
0.4109 0.0856 0.0295 0.4739
0.3982 0.0224 0.1682 0.4112
0.4519 0.1112 0.0329 0.4039

MOTIF filter5
letter-probability matrix: alength= 4 w= 7 nsites= 283784
0.0000 0.0002 0.9998 0.0000
0.2566 0.3121 0.0000 0.4312
0.2382 0.3362 0.0307 0.3950
0.3006 0.1745 0.1564 0.3685
0.2111 0.2225 0.2453 0.3212
0.3237 0.1146 0.1848 0.3769
0.2100 0.1850 0.2309 0.3741

MOTIF filter6
letter-probability matrix: alength= 4 w= 7 nsites= 124820
0.0000 0.0116 0.9682 0.0202
0.4093 0.3494 0.0124 0.2289
0.2858 0.3177 0.1090 0.2875
0.6217 0.0033 0.1581 0.2168
0.0381 0.1578 0.4076 0.3965
0.1594 0.4690 0.2756 0.0959
0.4330 0.1229 0.0246 0.4196

MOTIF filter7
letter-probability matrix: alength= 4 w= 7 nsites= 127996
0.2338 0.0767 0.0296 0.6598
0.1396 0.3044 0.0097 0.5463
0.2106 0.0174 0.0146 0.7573
0.2253 0.0621 0.0443 0.6683
0.3131 0.0535 0.0153 0.6182
0.6947 0.0680 0.0038 0.2335
0.1349 0.7184 0.0007 0.1460

MOTIF filter8
letter-probability matrix: alength= 4 w= 7 nsites= 66174
0.3114 0.0171 0.1136 0.5579
0.0095 0.0573 0.9064 0.0268
0.1058 0.3049 0.0358 0.5534
0.1506 0.3428 0.0648 0.4418
0.0237 0.2786 0.1500 0.5477
0.1834 0.0744 0.2310 0.5111
0.0798 0.1368 0.5506 0.2327

MOTIF filter9
letter-probability matrix: alength= 4 w= 7 nsites= 317494
0.6131 0.2137 0.1733 0.0000
0.0620 0.0008 0.0012 0.9360
0.2768 0.1968 0.0840 0.4424
0.2425 0.0996 0.1031 0.5548
0.2697 0.2209 0.0550 0.4545
0.2108 0.0831 0.0291 0.6770
0.1047 0.1626 0.1000 0.6328

MOTIF filter10
letter-probability matrix: alength= 4 w= 7 nsites= 100795
0.3061 0.5063 0.0267 0.1609
0.2045 0.0001 0.0050 0.7903
0.1126 0.1834 0.4134 0.2907
0.0225 0.3972 0.5780 0.0024
0.5234 0.2940 0.0015 0.1811
0.3090 0.1114 0.2853 0.2943
0.5910 0.1839 0.1552 0.0699

MOTIF filter11
letter-probability matrix: alength= 4 w= 7 nsites= 244618
0.3442 0.0266 0.0011 0.6280
0.4522 0.0386 0.0362 0.4729
0.3538 0.1367 0.0165 0.4930
0.2577 0.2123 0.0636 0.4664
0.3168 0.1453 0.0683 0.4697
0.2578 0.2810 0.0962 0.3650
0.3730 0.3123 0.0238 0.2909

MOTIF filter12
letter-probability matrix: alength= 4 w= 7 nsites= 231418
0.4533 0.1921 0.1184 0.2362
0.5136 0.1217 0.1203 0.2444
0.5580 0.0929 0.1236 0.2255
0.4512 0.0001 0.1989 0.3498
0.0201 0.0000 0.9797 0.0002
0.4640 0.1440 0.0004 0.3916
0.4815 0.0484 0.3036 0.1665

MOTIF filter13
letter-probability matrix: alength= 4 w= 7 nsites= 546607
0.2469 0.1490 0.1938 0.4104
0.3132 0.1941 0.0831 0.4096
0.2970 0.2005 0.0757 0.4269
0.2766 0.1881 0.1574 0.3779
0.2669 0.1664 0.1871 0.3796
0.2698 0.1896 0.1725 0.3681
0.2593 0.1670 0.2064 0.3673

MOTIF filter14
letter-probability matrix: alength= 4 w= 7 nsites= 96895
0.1419 0.1255 0.0092 0.7234
0.0443 0.5878 0.0393 0.3287
0.7457 0.2294 0.0000 0.0250
0.0023 0.2994 0.1665 0.5318
0.3674 0.0301 0.2505 0.3519
0.1058 0.1297 0.6241 0.1404
0.3505 0.1928 0.3647 0.0920

MOTIF filter15
letter-probability matrix: alength= 4 w= 7 nsites= 125730
0.2114 0.1819 0.0002 0.6064
0.5595 0.1548 0.0101 0.2756
0.4106 0.3650 0.0258 0.1987
0.1412 0.0847 0.0197 0.7544
0.0811 0.4115 0.1201 0.3873
0.4749 0.0532 0.0984 0.3735
0.3420 0.0662 0.1599 0.4319

