MEME version 4

ALPHABET= ACGU

Background letter frequencies:
A 0.2961 C 0.1737 G 0.1928 U 0.3374

MOTIF filter0
letter-probability matrix: alength= 4 w= 7 nsites= 92082
0.0301 0.2405 0.3161 0.4133
0.4847 0.0082 0.4907 0.0164
0.5771 0.1432 0.2266 0.0531
0.3432 0.0969 0.3089 0.2510
0.4325 0.4139 0.0048 0.1488
0.0440 0.0535 0.0702 0.8323
0.5629 0.1980 0.1182 0.1209

MOTIF filter1
letter-probability matrix: alength= 4 w= 7 nsites= 136802
0.1172 0.2017 0.2784 0.4027
0.2320 0.1125 0.0594 0.5962
0.2119 0.2192 0.2981 0.2708
0.0417 0.1015 0.0019 0.8550
0.1261 0.1360 0.2060 0.5319
0.1842 0.0925 0.0472 0.6761
0.0416 0.0397 0.1358 0.7828

MOTIF filter2
letter-probability matrix: alength= 4 w= 7 nsites= 91542
0.5676 0.0240 0.0652 0.3432
0.2801 0.0127 0.7004 0.0068
0.3014 0.1539 0.4483 0.0963
0.6135 0.1740 0.0418 0.1707
0.6020 0.0627 0.2199 0.1154
0.3858 0.1532 0.1893 0.2716
0.2270 0.4159 0.1406 0.2165

MOTIF filter3
letter-probability matrix: alength= 4 w= 7 nsites= 310925
0.3164 0.1715 0.1385 0.3736
0.3239 0.1458 0.1351 0.3952
0.3841 0.0659 0.0555 0.4945
0.2421 0.0836 0.2643 0.4100
0.3568 0.1216 0.3248 0.1967
0.3854 0.2181 0.0492 0.3473
0.4034 0.1341 0.1275 0.3350

MOTIF filter4
letter-probability matrix: alength= 4 w= 7 nsites= 92545
0.1403 0.4013 0.2858 0.1726
0.2000 0.0542 0.2911 0.4547
0.3808 0.0006 0.5024 0.1162
0.0002 0.9906 0.0000 0.0092
0.2536 0.0849 0.0227 0.6388
0.2221 0.2174 0.4054 0.1552
0.6499 0.1384 0.0612 0.1505

MOTIF filter5
letter-probability matrix: alength= 4 w= 7 nsites= 194071
0.6490 0.0454 0.1019 0.2036
0.0000 0.0006 0.9994 0.0000
0.4874 0.1999 0.0014 0.3113
0.4904 0.0844 0.2897 0.1355
0.4096 0.1134 0.1052 0.3718
0.2352 0.1556 0.2047 0.4045
0.1785 0.1673 0.2732 0.3809

MOTIF filter6
letter-probability matrix: alength= 4 w= 7 nsites= 75204
0.5180 0.2278 0.2230 0.0312
0.4635 0.4386 0.0247 0.0732
0.2153 0.4601 0.0029 0.3216
0.0945 0.1576 0.1577 0.5902
0.2057 0.1199 0.1087 0.5657
0.1032 0.3516 0.0406 0.5046
0.2409 0.2111 0.0914 0.4566

MOTIF filter7
letter-probability matrix: alength= 4 w= 7 nsites= 52156
0.3183 0.2790 0.1221 0.2805
0.4609 0.0928 0.3917 0.0546
0.0006 0.3378 0.4785 0.1830
0.0071 0.9532 0.0377 0.0020
0.0504 0.5012 0.0509 0.3975
0.2737 0.3653 0.0320 0.3290
0.0780 0.1544 0.6033 0.1643

MOTIF filter8
letter-probability matrix: alength= 4 w= 7 nsites= 50470
0.3173 0.1419 0.2142 0.3266
0.1136 0.3341 0.0713 0.4810
0.2216 0.2556 0.2102 0.3126
0.2239 0.0092 0.5256 0.2413
0.8092 0.0276 0.1256 0.0376
0.0103 0.0672 0.8727 0.0498
0.6038 0.2375 0.0842 0.0745

MOTIF filter9
letter-probability matrix: alength= 4 w= 7 nsites= 82858
0.0454 0.3618 0.2704 0.3225
0.5783 0.1405 0.1752 0.1060
0.0003 0.2551 0.4290 0.3156
0.7898 0.0854 0.0631 0.0617
0.0036 0.1275 0.8524 0.0165
0.4091 0.1799 0.2971 0.1139
0.3478 0.2509 0.1888 0.2125

MOTIF filter10
letter-probability matrix: alength= 4 w= 7 nsites= 44214
0.3407 0.4126 0.0882 0.1586
0.1900 0.3213 0.2151 0.2736
0.0225 0.8004 0.0597 0.1174
0.2537 0.6140 0.0847 0.0477
0.1421 0.3384 0.1701 0.3493
0.1863 0.4199 0.1910 0.2028
0.1481 0.3772 0.2311 0.2435

MOTIF filter11
letter-probability matrix: alength= 4 w= 7 nsites= 75463
0.7436 0.1085 0.0215 0.1264
0.3940 0.2111 0.0346 0.3603
0.4767 0.2344 0.0314 0.2575
0.1227 0.1098 0.0091 0.7585
0.0027 0.5932 0.0044 0.3998
0.0707 0.4598 0.0713 0.3982
0.1894 0.3084 0.3140 0.1881

MOTIF filter12
letter-probability matrix: alength= 4 w= 7 nsites= 231823
0.2188 0.3153 0.2291 0.2368
0.1921 0.0482 0.2429 0.5167
0.0000 0.0000 1.0000 0.0000
0.4280 0.3723 0.0000 0.1997
0.3547 0.2682 0.0113 0.3659
0.1326 0.2038 0.3425 0.3211
0.2852 0.1633 0.1297 0.4218

MOTIF filter13
letter-probability matrix: alength= 4 w= 7 nsites= 60734
0.4120 0.2036 0.1351 0.2492
0.1785 0.1053 0.0708 0.6454
0.1642 0.0465 0.2534 0.5359
0.8102 0.1569 0.0019 0.0311
0.0093 0.4397 0.1297 0.4213
0.0606 0.1347 0.1505 0.6542
0.4794 0.4232 0.0214 0.0760

MOTIF filter14
letter-probability matrix: alength= 4 w= 7 nsites= 16485
0.2061 0.5628 0.1937 0.0374
0.2528 0.4547 0.2670 0.0255
0.0523 0.4614 0.3729 0.1133
0.0822 0.7858 0.0371 0.0949
0.2996 0.5108 0.0748 0.1147
0.1585 0.6586 0.0894 0.0935
0.2908 0.1641 0.5065 0.0386

MOTIF filter15
letter-probability matrix: alength= 4 w= 7 nsites= 313630
0.2328 0.0464 0.2144 0.5064
0.0000 0.0000 1.0000 0.0000
0.1276 0.4518 0.0048 0.4158
0.2960 0.2469 0.0405 0.4165
0.3138 0.1932 0.2211 0.2720
0.3145 0.2335 0.1218 0.3301
0.4069 0.1655 0.1387 0.2889

