MEME version 4

ALPHABET= ACGU

Background letter frequencies:
A 0.2882 C 0.1974 G 0.1894 U 0.3250

MOTIF filter0
letter-probability matrix: alength= 4 w= 7 nsites= 57218
0.0172 0.8673 0.1137 0.0018
0.5168 0.1054 0.0808 0.2970
0.1068 0.0366 0.8310 0.0256
0.0006 0.0912 0.8658 0.0424
0.1375 0.3873 0.2785 0.1966
0.1528 0.4946 0.0812 0.2714
0.2658 0.1419 0.1455 0.4469

MOTIF filter1
letter-probability matrix: alength= 4 w= 7 nsites= 113084
0.4020 0.1148 0.0426 0.4405
0.0201 0.1710 0.0207 0.7881
0.6394 0.2462 0.0484 0.0659
0.4073 0.3722 0.0167 0.2039
0.0494 0.7333 0.0026 0.2147
0.4316 0.2770 0.0452 0.2462
0.4703 0.0653 0.1476 0.3167

MOTIF filter2
letter-probability matrix: alength= 4 w= 7 nsites= 45555
0.1067 0.0758 0.4314 0.3861
0.0206 0.0156 0.9347 0.0292
0.0102 0.6876 0.2721 0.0301
0.3014 0.5796 0.0242 0.0948
0.1289 0.3373 0.4238 0.1100
0.5777 0.0941 0.1238 0.2044
0.0480 0.0781 0.8470 0.0270

MOTIF filter3
letter-probability matrix: alength= 4 w= 7 nsites= 502519
0.2641 0.2267 0.1175 0.3917
0.3278 0.1893 0.0932 0.3897
0.2429 0.2004 0.1161 0.4406
0.2780 0.2101 0.1023 0.4095
0.2054 0.3139 0.1477 0.3330
0.3452 0.0183 0.0008 0.6356
0.0000 0.0000 1.0000 0.0000

MOTIF filter4
letter-probability matrix: alength= 4 w= 7 nsites= 69663
0.4434 0.0259 0.1648 0.3658
0.3537 0.4442 0.0496 0.1525
0.2963 0.0583 0.0606 0.5847
0.3062 0.0022 0.6233 0.0683
0.0001 0.0125 0.8312 0.1561
0.1495 0.1320 0.7062 0.0123
0.3525 0.2353 0.0769 0.3353

MOTIF filter5
letter-probability matrix: alength= 4 w= 7 nsites= 95855
0.2799 0.1358 0.0074 0.5769
0.0841 0.6141 0.0003 0.3016
0.1828 0.1294 0.0001 0.6877
0.7218 0.0508 0.0000 0.2274
0.6904 0.1820 0.0000 0.1276
0.1893 0.5557 0.0006 0.2544
0.4071 0.3726 0.0001 0.2202

MOTIF filter6
letter-probability matrix: alength= 4 w= 7 nsites= 85907
0.5354 0.0526 0.1878 0.2242
0.0002 0.0154 0.4017 0.5827
0.0000 0.0316 0.8719 0.0965
0.5928 0.0849 0.2916 0.0307
0.0217 0.0737 0.5429 0.3617
0.4655 0.1352 0.3166 0.0827
0.2248 0.2105 0.3902 0.1746

MOTIF filter7
letter-probability matrix: alength= 4 w= 7 nsites= 36925
0.3293 0.1290 0.0474 0.4942
0.2769 0.1538 0.0516 0.5176
0.6667 0.0461 0.0004 0.2868
0.2743 0.1492 0.0014 0.5752
0.5259 0.1455 0.0004 0.3282
0.9283 0.0137 0.0473 0.0107
0.3675 0.4753 0.0262 0.1311

MOTIF filter8
letter-probability matrix: alength= 4 w= 7 nsites= 13594
0.8707 0.0224 0.0001 0.1069
0.0002 0.0218 0.9675 0.0104
0.0994 0.6899 0.0404 0.1704
0.4939 0.1213 0.0004 0.3844
0.1747 0.2195 0.5177 0.0880
0.5390 0.3108 0.0176 0.1326
0.2721 0.0474 0.0063 0.6742

MOTIF filter9
letter-probability matrix: alength= 4 w= 7 nsites= 46098
0.7176 0.0135 0.1132 0.1556
0.4564 0.0741 0.3513 0.1182
0.9169 0.0005 0.0813 0.0013
0.3371 0.0000 0.6410 0.0218
0.7522 0.0008 0.2206 0.0264
0.1968 0.1251 0.0040 0.6741
0.6838 0.1932 0.0713 0.0517

MOTIF filter10
letter-probability matrix: alength= 4 w= 7 nsites= 32543
0.3354 0.0245 0.5625 0.0776
0.2615 0.0421 0.6318 0.0647
0.4519 0.1785 0.3523 0.0173
0.7129 0.0236 0.2291 0.0344
0.0340 0.0054 0.9330 0.0275
0.2084 0.6103 0.1509 0.0304
0.7219 0.1139 0.0854 0.0788

MOTIF filter11
letter-probability matrix: alength= 4 w= 7 nsites= 177186
0.3239 0.1192 0.0964 0.4605
0.3030 0.1201 0.1845 0.3924
0.2218 0.1169 0.5958 0.0655
0.3973 0.0728 0.2092 0.3207
0.2238 0.0033 0.5870 0.1859
0.0000 0.0000 1.0000 0.0000
0.5310 0.1779 0.1787 0.1124

MOTIF filter12
letter-probability matrix: alength= 4 w= 7 nsites= 36079
0.8511 0.0981 0.0002 0.0506
0.9497 0.0474 0.0002 0.0027
0.0061 0.7802 0.0000 0.2137
0.3423 0.2057 0.0012 0.4507
0.2859 0.2234 0.0458 0.4449
0.4197 0.1173 0.1251 0.3379
0.2225 0.4008 0.1010 0.2756

MOTIF filter13
letter-probability matrix: alength= 4 w= 7 nsites= 45545
0.5072 0.1613 0.0247 0.3067
0.4714 0.2951 0.1476 0.0859
0.3475 0.0274 0.2625 0.3626
0.1248 0.0799 0.1053 0.6900
0.0399 0.1108 0.8312 0.0181
0.0743 0.1939 0.5321 0.1996
0.4253 0.0234 0.4957 0.0556

MOTIF filter14
letter-probability matrix: alength= 4 w= 7 nsites= 99903
0.5376 0.2294 0.0968 0.1362
0.3027 0.0498 0.3105 0.3370
0.5097 0.1156 0.1084 0.2664
0.2446 0.0422 0.1511 0.5621
0.0001 0.0008 0.9861 0.0131
0.0944 0.2123 0.0631 0.6301
0.1682 0.3351 0.2238 0.2729

MOTIF filter15
letter-probability matrix: alength= 4 w= 7 nsites= 32330
0.7676 0.0062 0.2086 0.0176
0.0605 0.2365 0.6268 0.0762
0.6306 0.1124 0.2503 0.0067
0.4647 0.0766 0.0955 0.3632
0.2944 0.0428 0.6628 0.0001
0.4883 0.0430 0.2370 0.2317
0.7491 0.0135 0.0981 0.1393

