MEME version 4

ALPHABET= ACGU

Background letter frequencies:
A 0.2497 C 0.1877 G 0.2261 U 0.3365

MOTIF filter0
letter-probability matrix: alength= 4 w= 7 nsites= 157452
0.3013 0.0888 0.0159 0.5940
0.4981 0.0126 0.3175 0.1718
0.0368 0.0588 0.0000 0.9044
0.0010 0.1520 0.3804 0.4666
0.0613 0.0005 0.1479 0.7903
0.1980 0.0014 0.0677 0.7328
0.2149 0.1423 0.3645 0.2783

MOTIF filter1
letter-probability matrix: alength= 4 w= 7 nsites= 191303
0.8543 0.0025 0.0000 0.1432
0.0855 0.1210 0.3132 0.4803
0.2173 0.1496 0.3437 0.2894
0.1969 0.1156 0.2791 0.4084
0.2573 0.1979 0.2921 0.2527
0.2202 0.3071 0.1861 0.2866
0.3872 0.1914 0.1876 0.2338

MOTIF filter2
letter-probability matrix: alength= 4 w= 7 nsites= 185009
0.8238 0.1025 0.0621 0.0116
0.0998 0.1146 0.7856 0.0000
0.1122 0.2021 0.3065 0.3791
0.3168 0.1537 0.0752 0.4543
0.1545 0.3874 0.0461 0.4121
0.4345 0.2082 0.0249 0.3323
0.2399 0.2207 0.2587 0.2807

MOTIF filter3
letter-probability matrix: alength= 4 w= 7 nsites= 158300
0.1029 0.1808 0.0140 0.7024
0.1769 0.1870 0.6339 0.0021
0.1737 0.3550 0.0297 0.4415
0.1716 0.4864 0.3012 0.0407
0.0002 0.0008 0.0003 0.9987
0.0119 0.1433 0.6913 0.1534
0.0871 0.1679 0.0766 0.6683

MOTIF filter4
letter-probability matrix: alength= 4 w= 7 nsites= 107430
0.2652 0.4781 0.2431 0.0136
0.3265 0.4376 0.1786 0.0574
0.2177 0.3674 0.0348 0.3801
0.3596 0.1368 0.4575 0.0462
0.4171 0.0959 0.3351 0.1519
0.4034 0.0173 0.3443 0.2349
0.4327 0.1541 0.2551 0.1581

MOTIF filter5
letter-probability matrix: alength= 4 w= 7 nsites= 138283
0.4934 0.4125 0.0105 0.0836
0.6042 0.0808 0.1222 0.1928
0.5778 0.0634 0.2189 0.1399
0.3193 0.0654 0.2512 0.3641
0.3697 0.1351 0.2558 0.2394
0.4567 0.0830 0.1989 0.2614
0.6446 0.0667 0.2172 0.0716

MOTIF filter6
letter-probability matrix: alength= 4 w= 7 nsites= 155207
0.1581 0.2573 0.4582 0.1265
0.2146 0.4603 0.0768 0.2483
0.0476 0.5091 0.0000 0.4434
0.4856 0.2730 0.0000 0.2414
0.3881 0.1453 0.2714 0.1952
0.2873 0.0612 0.3130 0.3385
0.2031 0.2118 0.3693 0.2158

MOTIF filter7
letter-probability matrix: alength= 4 w= 7 nsites= 168328
0.3709 0.0109 0.2661 0.3521
0.0040 0.1929 0.0003 0.8029
0.2486 0.0292 0.7026 0.0197
0.2879 0.0381 0.1415 0.5325
0.3169 0.0762 0.5279 0.0790
0.1250 0.0461 0.2101 0.6187
0.1841 0.0902 0.5962 0.1294

MOTIF filter8
letter-probability matrix: alength= 4 w= 7 nsites= 71814
0.7721 0.0252 0.0316 0.1710
0.4173 0.0298 0.5087 0.0442
0.1841 0.0344 0.0008 0.7807
0.4641 0.0443 0.4075 0.0841
0.2610 0.2611 0.1352 0.3427
0.1809 0.3664 0.4041 0.0486
0.3693 0.1002 0.2224 0.3081

MOTIF filter9
letter-probability matrix: alength= 4 w= 7 nsites= 80191
0.2421 0.0188 0.0264 0.7127
0.0161 0.6696 0.2938 0.0204
0.3040 0.5334 0.0685 0.0941
0.2127 0.4670 0.0992 0.2212
0.1784 0.5631 0.1481 0.1104
0.1145 0.4838 0.2060 0.1958
0.2104 0.3256 0.1953 0.2688

MOTIF filter10
letter-probability matrix: alength= 4 w= 7 nsites= 56575
0.2997 0.1830 0.3633 0.1540
0.3571 0.0216 0.5976 0.0237
0.0256 0.1767 0.7705 0.0272
0.1107 0.4334 0.3759 0.0800
0.2567 0.3655 0.2891 0.0886
0.0938 0.3827 0.3891 0.1344
0.2420 0.4371 0.1376 0.1833

MOTIF filter11
letter-probability matrix: alength= 4 w= 7 nsites= 228383
0.1415 0.2458 0.4133 0.1994
0.2217 0.3586 0.0963 0.3234
0.3147 0.0395 0.0043 0.6415
0.1082 0.0088 0.8830 0.0000
0.1274 0.0960 0.4347 0.3419
0.2257 0.1825 0.1786 0.4131
0.1770 0.0798 0.2039 0.5393

MOTIF filter12
letter-probability matrix: alength= 4 w= 7 nsites= 187315
0.1506 0.1483 0.0564 0.6446
0.2178 0.1442 0.0528 0.5851
0.1894 0.0620 0.0003 0.7483
0.0886 0.0536 0.0036 0.8543
0.0057 0.0490 0.0016 0.9437
0.1665 0.0949 0.0004 0.7383
0.1690 0.3644 0.0031 0.4636

MOTIF filter13
letter-probability matrix: alength= 4 w= 7 nsites= 102819
0.0007 0.4910 0.0000 0.5082
0.0001 0.0269 0.6280 0.3450
0.2408 0.2699 0.1149 0.3743
0.3224 0.3380 0.0753 0.2643
0.1193 0.3716 0.0653 0.4438
0.3277 0.1192 0.3429 0.2102
0.4245 0.1723 0.2121 0.1911

MOTIF filter14
letter-probability matrix: alength= 4 w= 7 nsites= 119339
0.2112 0.1230 0.0785 0.5873
0.2628 0.0027 0.7256 0.0089
0.3414 0.1897 0.3831 0.0858
0.4240 0.0500 0.0813 0.4446
0.0037 0.0001 0.0008 0.9953
0.2090 0.1038 0.5035 0.1837
0.2028 0.1687 0.2440 0.3845

MOTIF filter15
letter-probability matrix: alength= 4 w= 7 nsites= 135061
0.2072 0.1037 0.0129 0.6762
0.1605 0.1360 0.1157 0.5879
0.2776 0.1820 0.0081 0.5323
0.8211 0.1071 0.0654 0.0064
0.4402 0.0505 0.5074 0.0019
0.3436 0.2179 0.2072 0.2314
0.2211 0.3210 0.1404 0.3175

