MEME version 4

ALPHABET= ACGU

Background letter frequencies:
A 0.3032 C 0.1649 G 0.1765 U 0.3554

MOTIF filter0
letter-probability matrix: alength= 4 w= 7 nsites= 79399
0.7292 0.1157 0.0506 0.1045
0.4577 0.1977 0.0959 0.2487
0.6160 0.1246 0.0498 0.2097
0.4541 0.1903 0.0695 0.2861
0.3881 0.1436 0.0728 0.3954
0.4402 0.1618 0.1263 0.2718
0.3670 0.1497 0.2133 0.2700

MOTIF filter1
letter-probability matrix: alength= 4 w= 7 nsites= 72193
0.3408 0.2867 0.0216 0.3509
0.3560 0.2031 0.1436 0.2974
0.2801 0.2343 0.1908 0.2948
0.3281 0.0631 0.1628 0.4461
0.0042 0.0065 0.9621 0.0272
0.2639 0.2184 0.1778 0.3399
0.3092 0.1859 0.1890 0.3159

MOTIF filter2
letter-probability matrix: alength= 4 w= 7 nsites= 46149
0.1285 0.1923 0.6775 0.0016
0.4423 0.1756 0.1571 0.2249
0.3232 0.0680 0.3115 0.2973
0.0932 0.1513 0.1968 0.5587
0.0463 0.4458 0.4405 0.0674
0.7705 0.0064 0.0664 0.1567
0.0733 0.2142 0.5118 0.2007

MOTIF filter3
letter-probability matrix: alength= 4 w= 7 nsites= 42157
0.0376 0.0004 0.9427 0.0194
0.6290 0.0262 0.0075 0.3373
0.6706 0.1038 0.0751 0.1504
0.6196 0.1397 0.0450 0.1957
0.6245 0.1376 0.1061 0.1318
0.1696 0.0946 0.0608 0.6750
0.2798 0.0395 0.2883 0.3924

MOTIF filter4
letter-probability matrix: alength= 4 w= 7 nsites= 174174
0.0000 0.0000 1.0000 0.0000
0.4343 0.2866 0.1225 0.1567
0.1641 0.2645 0.2098 0.3616
0.3167 0.1933 0.1730 0.3170
0.1141 0.2781 0.1698 0.4380
0.2899 0.3065 0.1730 0.2306
0.3399 0.2362 0.0743 0.3496

MOTIF filter5
letter-probability matrix: alength= 4 w= 7 nsites= 71755
0.1035 0.1206 0.4043 0.3717
0.2449 0.1163 0.6388 0.0000
0.6545 0.0148 0.0950 0.2358
0.0044 0.1873 0.1804 0.6279
0.4524 0.2177 0.0190 0.3108
0.1466 0.2027 0.4154 0.2353
0.4879 0.1776 0.0004 0.3341

MOTIF filter6
letter-probability matrix: alength= 4 w= 7 nsites= 68430
0.2179 0.2264 0.2001 0.3556
0.6485 0.0004 0.3376 0.0134
0.0000 0.0366 0.5531 0.4102
0.9230 0.0241 0.0519 0.0009
0.2180 0.2712 0.1197 0.3912
0.3170 0.1267 0.1123 0.4440
0.1616 0.0773 0.2365 0.5245

MOTIF filter7
letter-probability matrix: alength= 4 w= 7 nsites= 110803
0.4552 0.1099 0.0296 0.4053
0.5692 0.1990 0.0043 0.2275
0.2594 0.1077 0.0538 0.5791
0.4637 0.2455 0.2857 0.0051
0.0000 0.0000 0.0243 0.9757
0.5153 0.0184 0.4164 0.0499
0.2179 0.2593 0.0889 0.4339

MOTIF filter8
letter-probability matrix: alength= 4 w= 7 nsites= 305764
0.0000 0.0000 1.0000 0.0000
0.3352 0.2140 0.0097 0.4411
0.3512 0.1792 0.1363 0.3333
0.2965 0.1712 0.1442 0.3880
0.2853 0.1654 0.1897 0.3596
0.3298 0.1686 0.0772 0.4244
0.2796 0.1509 0.2217 0.3478

MOTIF filter9
letter-probability matrix: alength= 4 w= 7 nsites= 31842
0.1020 0.3279 0.1601 0.4101
0.2161 0.1610 0.0325 0.5904
0.2276 0.0544 0.1610 0.5571
0.4051 0.0743 0.1437 0.3769
0.0226 0.0379 0.9192 0.0203
0.2967 0.0460 0.2825 0.3748
0.0670 0.0336 0.7350 0.1644

MOTIF filter10
letter-probability matrix: alength= 4 w= 7 nsites= 108459
0.5983 0.0333 0.3565 0.0119
0.3710 0.2436 0.0443 0.3411
0.7879 0.1700 0.0001 0.0419
0.3182 0.2359 0.0155 0.4304
0.4231 0.0721 0.1282 0.3766
0.3613 0.1466 0.1558 0.3363
0.3323 0.1901 0.0486 0.4290

MOTIF filter11
letter-probability matrix: alength= 4 w= 7 nsites= 23041
0.7685 0.1569 0.0203 0.0543
0.3847 0.5317 0.0131 0.0705
0.4552 0.2667 0.0414 0.2367
0.0716 0.7186 0.0806 0.1292
0.2571 0.1372 0.0391 0.5667
0.1314 0.3936 0.2054 0.2695
0.0968 0.4849 0.2604 0.1580

MOTIF filter12
letter-probability matrix: alength= 4 w= 7 nsites= 40578
0.3656 0.0049 0.0982 0.5313
0.1000 0.2766 0.4300 0.1934
0.1819 0.5434 0.0106 0.2640
0.2599 0.0727 0.1286 0.5389
0.3599 0.1069 0.1391 0.3941
0.1638 0.4117 0.3181 0.1064
0.6667 0.1674 0.1130 0.0530

MOTIF filter13
letter-probability matrix: alength= 4 w= 7 nsites= 89002
0.1803 0.4761 0.0000 0.3436
0.3461 0.1941 0.0691 0.3907
0.5391 0.2441 0.1552 0.0616
0.5425 0.2004 0.2501 0.0070
0.5941 0.0673 0.2677 0.0709
0.2547 0.0590 0.1169 0.5695
0.2355 0.0663 0.1644 0.5338

MOTIF filter14
letter-probability matrix: alength= 4 w= 7 nsites= 42704
0.1364 0.1816 0.0205 0.6615
0.5930 0.0137 0.0135 0.3798
0.1097 0.1915 0.6665 0.0324
0.2580 0.0551 0.0438 0.6431
0.4136 0.0086 0.2520 0.3259
0.5970 0.0571 0.0476 0.2982
0.7347 0.0785 0.1249 0.0619

MOTIF filter15
letter-probability matrix: alength= 4 w= 7 nsites= 25842
0.0570 0.2031 0.6272 0.1128
0.1394 0.2492 0.0289 0.5825
0.0815 0.1631 0.4575 0.2979
0.0238 0.1496 0.2431 0.5835
0.0007 0.4078 0.1005 0.4911
0.0175 0.5698 0.2053 0.2074
0.3194 0.2445 0.2267 0.2094

