MEME version 4

ALPHABET= ACGU

Background letter frequencies:
A 0.2281 C 0.2279 G 0.1854 U 0.3587

MOTIF filter0
letter-probability matrix: alength= 4 w= 7 nsites= 43196
0.1726 0.7712 0.0138 0.0424
0.0185 0.5337 0.0590 0.3888
0.0543 0.6836 0.1229 0.1392
0.1262 0.5486 0.3089 0.0163
0.2974 0.5779 0.0560 0.0687
0.1129 0.5023 0.2052 0.1795
0.3791 0.1518 0.2238 0.2453

MOTIF filter1
letter-probability matrix: alength= 4 w= 7 nsites= 82384
0.3964 0.3647 0.2259 0.0130
0.5043 0.2606 0.1884 0.0467
0.3489 0.3416 0.2107 0.0988
0.1731 0.3674 0.3513 0.1082
0.1468 0.5746 0.1186 0.1600
0.1764 0.5175 0.1744 0.1317
0.2451 0.4419 0.1877 0.1253

MOTIF filter2
letter-probability matrix: alength= 4 w= 7 nsites= 84753
0.0290 0.4235 0.3753 0.1722
0.2463 0.3128 0.4359 0.0050
0.9195 0.0444 0.0350 0.0012
0.2879 0.0097 0.4301 0.2724
0.1608 0.1611 0.4906 0.1875
0.4325 0.1364 0.1494 0.2817
0.3505 0.1296 0.2806 0.2393

MOTIF filter3
letter-probability matrix: alength= 4 w= 7 nsites= 61842
0.4599 0.1136 0.1874 0.2392
0.6731 0.0506 0.0567 0.2195
0.0757 0.0119 0.9114 0.0009
0.6816 0.0486 0.0283 0.2416
0.3220 0.1748 0.1058 0.3974
0.5102 0.1701 0.1833 0.1363
0.4494 0.0696 0.4109 0.0701

MOTIF filter4
letter-probability matrix: alength= 4 w= 7 nsites= 155409
0.1333 0.0148 0.4061 0.4458
0.4828 0.1678 0.1943 0.1551
0.3387 0.3073 0.0269 0.3271
0.3802 0.2459 0.0744 0.2995
0.3162 0.2359 0.1630 0.2849
0.4126 0.3266 0.0351 0.2256
0.3141 0.3675 0.1062 0.2123

MOTIF filter5
letter-probability matrix: alength= 4 w= 7 nsites= 208314
0.0947 0.3125 0.1586 0.4342
0.0368 0.0899 0.2974 0.5760
0.0005 0.1050 0.0941 0.8005
0.0001 0.9815 0.0184 0.0000
0.0399 0.3587 0.0634 0.5380
0.0876 0.2213 0.1851 0.5060
0.1084 0.3568 0.1235 0.4112

MOTIF filter6
letter-probability matrix: alength= 4 w= 7 nsites= 125188
0.0302 0.1101 0.0404 0.8193
0.0040 0.2138 0.1066 0.6757
0.0342 0.0016 0.0065 0.9577
0.4386 0.0307 0.1608 0.3699
0.3851 0.2664 0.0346 0.3139
0.4385 0.0528 0.0151 0.4936
0.2385 0.3338 0.1762 0.2515

MOTIF filter7
letter-probability matrix: alength= 4 w= 7 nsites= 65698
0.0465 0.5440 0.1837 0.2257
0.6183 0.2880 0.0745 0.0193
0.0347 0.5142 0.0495 0.4016
0.3701 0.1449 0.3574 0.1277
0.4547 0.0303 0.4939 0.0210
0.2852 0.0906 0.5431 0.0811
0.2546 0.1315 0.3995 0.2144

MOTIF filter8
letter-probability matrix: alength= 4 w= 7 nsites= 59361
0.0346 0.9469 0.0183 0.0002
0.0308 0.0404 0.0262 0.9025
0.0454 0.4378 0.2314 0.2854
0.0596 0.0093 0.0292 0.9018
0.1168 0.4812 0.3573 0.0448
0.1542 0.1037 0.3565 0.3856
0.0668 0.1806 0.4745 0.2781

MOTIF filter9
letter-probability matrix: alength= 4 w= 7 nsites= 183216
0.3334 0.0383 0.1586 0.4697
0.3075 0.0413 0.0081 0.6431
0.4383 0.0037 0.3227 0.2353
0.0000 0.0017 0.0002 0.9980
0.5104 0.0006 0.1932 0.2958
0.2324 0.0514 0.3383 0.3779
0.3094 0.0573 0.3288 0.3045

MOTIF filter10
letter-probability matrix: alength= 4 w= 7 nsites= 63368
0.2036 0.1113 0.3917 0.2934
0.3037 0.2160 0.4187 0.0616
0.2994 0.1587 0.0899 0.4520
0.0986 0.0055 0.8486 0.0473
0.2463 0.0884 0.6607 0.0046
0.1015 0.6498 0.2485 0.0001
0.2161 0.5998 0.1646 0.0194

MOTIF filter11
letter-probability matrix: alength= 4 w= 7 nsites= 230546
0.0005 0.0000 0.0358 0.9637
0.0238 0.0720 0.0980 0.8062
0.0739 0.1345 0.0880 0.7036
0.0928 0.3047 0.0797 0.5227
0.2101 0.1725 0.1632 0.4542
0.2007 0.1952 0.2336 0.3705
0.1620 0.2737 0.2372 0.3271

MOTIF filter12
letter-probability matrix: alength= 4 w= 7 nsites= 101033
0.2045 0.3511 0.0879 0.3565
0.0515 0.0236 0.1114 0.8134
0.0025 0.9811 0.0163 0.0000
0.0023 0.0006 0.0007 0.9964
0.0520 0.5593 0.1781 0.2106
0.2022 0.1550 0.3196 0.3231
0.2374 0.3347 0.2119 0.2159

MOTIF filter13
letter-probability matrix: alength= 4 w= 7 nsites= 141605
0.0978 0.3217 0.0024 0.5781
0.1063 0.1865 0.0164 0.6909
0.0451 0.3593 0.0265 0.5691
0.1974 0.1303 0.0169 0.6554
0.1417 0.0877 0.0353 0.7354
0.4547 0.0922 0.0096 0.4435
0.3505 0.1955 0.0377 0.4163

MOTIF filter14
letter-probability matrix: alength= 4 w= 7 nsites= 76857
0.1439 0.0843 0.1133 0.6585
0.0000 0.6518 0.3482 0.0000
0.1038 0.0128 0.7569 0.1265
0.1243 0.0406 0.4015 0.4336
0.1804 0.0930 0.2931 0.4335
0.1718 0.0971 0.2885 0.4426
0.1609 0.2060 0.2906 0.3426

MOTIF filter15
letter-probability matrix: alength= 4 w= 7 nsites= 69753
0.0247 0.2259 0.1721 0.5773
0.5961 0.0007 0.0549 0.3482
0.0098 0.4825 0.2720 0.2356
0.2339 0.0329 0.0653 0.6679
0.2868 0.0179 0.0035 0.6918
0.3072 0.3732 0.0328 0.2869
0.5189 0.3156 0.0556 0.1100

