MEME version 4

ALPHABET= ACGU

Background letter frequencies:
A 0.2875 C 0.1908 G 0.1987 U 0.3229

MOTIF filter0
letter-probability matrix: alength= 4 w= 7 nsites= 253509
0.1638 0.5342 0.0101 0.2919
0.2910 0.4092 0.0024 0.2974
0.1720 0.3183 0.0970 0.4126
0.2326 0.3206 0.2985 0.1483
0.2576 0.2966 0.1154 0.3304
0.2125 0.2255 0.3509 0.2112
0.1926 0.2628 0.2512 0.2934

MOTIF filter1
letter-probability matrix: alength= 4 w= 7 nsites= 558065
0.0000 0.0000 1.0000 0.0000
0.3823 0.2531 0.0092 0.3554
0.3241 0.1235 0.1916 0.3607
0.3127 0.1207 0.2278 0.3388
0.2886 0.1534 0.1822 0.3758
0.2610 0.1687 0.2197 0.3506
0.2784 0.1751 0.2068 0.3396

MOTIF filter2
letter-probability matrix: alength= 4 w= 7 nsites= 154110
0.1099 0.0543 0.7041 0.1317
0.3227 0.2568 0.2846 0.1359
0.1747 0.2738 0.2098 0.3418
0.0946 0.2571 0.1733 0.4751
0.2636 0.2314 0.3643 0.1406
0.3087 0.0887 0.2690 0.3337
0.2691 0.2042 0.3399 0.1868

MOTIF filter3
letter-probability matrix: alength= 4 w= 7 nsites= 178501
0.7258 0.2273 0.0028 0.0441
0.5458 0.2674 0.0681 0.1187
0.5189 0.1806 0.0532 0.2474
0.5132 0.2131 0.1281 0.1456
0.2889 0.0871 0.3817 0.2423
0.3156 0.1498 0.2946 0.2400
0.2730 0.1861 0.1974 0.3435

MOTIF filter4
letter-probability matrix: alength= 4 w= 7 nsites= 300895
0.5025 0.1178 0.1788 0.2008
0.3921 0.0943 0.2418 0.2718
0.2220 0.0750 0.5152 0.1877
0.3079 0.1429 0.2928 0.2564
0.4674 0.0187 0.0662 0.4476
0.0000 0.0000 1.0000 0.0000
0.4229 0.1389 0.2519 0.1862

MOTIF filter5
letter-probability matrix: alength= 4 w= 7 nsites= 82875
0.3345 0.0726 0.3056 0.2874
0.0654 0.6216 0.2790 0.0340
0.6942 0.0487 0.2405 0.0166
0.2465 0.0592 0.2543 0.4400
0.6042 0.0929 0.0601 0.2428
0.3675 0.0105 0.0068 0.6151
0.3583 0.0149 0.0063 0.6206

MOTIF filter6
letter-probability matrix: alength= 4 w= 7 nsites= 41894
0.0229 0.5773 0.0077 0.3920
0.1671 0.1366 0.0000 0.6963
0.5814 0.0277 0.0005 0.3905
0.1957 0.6886 0.0002 0.1155
0.1845 0.0446 0.0022 0.7687
0.0627 0.6432 0.0006 0.2935
0.3826 0.2144 0.0008 0.4022

MOTIF filter7
letter-probability matrix: alength= 4 w= 7 nsites= 347668
0.2579 0.3072 0.0161 0.4188
0.5295 0.3604 0.0548 0.0552
0.4201 0.2434 0.0950 0.2416
0.3191 0.0388 0.2412 0.4009
0.0000 0.0000 1.0000 0.0000
0.3185 0.1146 0.3138 0.2532
0.4116 0.1238 0.2120 0.2526

MOTIF filter8
letter-probability matrix: alength= 4 w= 7 nsites= 181140
0.1670 0.3677 0.0000 0.4653
0.4470 0.2754 0.0017 0.2760
0.7517 0.1288 0.0699 0.0496
0.6441 0.0427 0.1173 0.1959
0.1445 0.1849 0.4194 0.2513
0.0507 0.2712 0.3788 0.2993
0.2336 0.2729 0.1876 0.3059

MOTIF filter9
letter-probability matrix: alength= 4 w= 7 nsites= 191938
0.1976 0.1472 0.0289 0.6263
0.0089 0.0171 0.1806 0.7934
0.0690 0.1329 0.1689 0.6292
0.0680 0.0980 0.0694 0.7646
0.1275 0.1953 0.2438 0.4334
0.0839 0.0952 0.1052 0.7158
0.0138 0.0286 0.4102 0.5474

MOTIF filter10
letter-probability matrix: alength= 4 w= 7 nsites= 65493
0.4140 0.1898 0.3248 0.0715
0.0207 0.2679 0.6336 0.0778
0.1883 0.2125 0.5859 0.0133
0.0005 0.6299 0.3414 0.0282
0.5644 0.1496 0.1884 0.0976
0.0305 0.3615 0.5553 0.0527
0.3228 0.4448 0.1015 0.1309

MOTIF filter11
letter-probability matrix: alength= 4 w= 7 nsites= 129041
0.1858 0.1933 0.4053 0.2156
0.3520 0.3178 0.0774 0.2528
0.3601 0.0385 0.1306 0.4708
0.0117 0.0183 0.9640 0.0060
0.3184 0.2595 0.0779 0.3442
0.6013 0.0017 0.1168 0.2802
0.0936 0.0435 0.8015 0.0613

MOTIF filter12
letter-probability matrix: alength= 4 w= 7 nsites= 50641
0.2591 0.2179 0.1949 0.3281
0.0303 0.1838 0.7514 0.0344
0.0009 0.9156 0.0802 0.0033
0.0001 0.9222 0.0029 0.0747
0.1833 0.3267 0.0358 0.4542
0.1696 0.4528 0.1493 0.2283
0.1061 0.2807 0.4544 0.1588

MOTIF filter13
letter-probability matrix: alength= 4 w= 7 nsites= 215050
0.1111 0.1637 0.0000 0.7252
0.4956 0.0329 0.0000 0.4715
0.6551 0.2518 0.0000 0.0931
0.4097 0.3419 0.0158 0.2326
0.1209 0.3107 0.0043 0.5642
0.3370 0.2386 0.0061 0.4183
0.5064 0.1827 0.1838 0.1271

MOTIF filter14
letter-probability matrix: alength= 4 w= 7 nsites= 129936
0.2604 0.2253 0.0003 0.5140
0.5208 0.2555 0.0000 0.2237
0.2173 0.3589 0.0000 0.4238
0.0589 0.2770 0.0216 0.6424
0.1931 0.2026 0.0044 0.5999
0.3925 0.0787 0.0002 0.5285
0.5721 0.2327 0.0001 0.1951

MOTIF filter15
letter-probability matrix: alength= 4 w= 7 nsites= 66631
0.3675 0.4357 0.0321 0.1648
0.5285 0.2749 0.1757 0.0209
0.3488 0.1740 0.1008 0.3764
0.7395 0.2101 0.0433 0.0071
0.5710 0.0860 0.1709 0.1722
0.4618 0.0731 0.4437 0.0214
0.1676 0.2699 0.3195 0.2430

