MEME version 4

ALPHABET= ACGU

Background letter frequencies:
A 0.2700 C 0.2104 G 0.2269 U 0.2927

MOTIF filter0
letter-probability matrix: alength= 4 w= 7 nsites= 38873
0.3179 0.1814 0.1453 0.3554
0.1037 0.2330 0.5227 0.1406
0.7448 0.1312 0.0825 0.0415
0.0250 0.4738 0.4238 0.0773
0.4915 0.0794 0.0247 0.4044
0.1605 0.3677 0.1311 0.3406
0.0342 0.1945 0.0664 0.7049

MOTIF filter1
letter-probability matrix: alength= 4 w= 7 nsites= 21420
0.3056 0.5218 0.1184 0.0541
0.0196 0.0063 0.2774 0.6967
0.5790 0.0948 0.0887 0.2375
0.1677 0.3144 0.0217 0.4963
0.2786 0.0871 0.1113 0.5230
0.0356 0.0341 0.5576 0.3727
0.0959 0.0653 0.7239 0.1148

MOTIF filter2
letter-probability matrix: alength= 4 w= 7 nsites= 78625
0.2047 0.2239 0.0680 0.5035
0.1928 0.2216 0.0681 0.5176
0.1868 0.1497 0.0211 0.6424
0.0799 0.2442 0.0669 0.6091
0.1066 0.3711 0.0680 0.4544
0.2024 0.1621 0.0052 0.6302
0.1666 0.0977 0.0281 0.7076

MOTIF filter3
letter-probability matrix: alength= 4 w= 7 nsites= 53983
0.2554 0.2845 0.2640 0.1960
0.2498 0.1287 0.2025 0.4190
0.0351 0.0562 0.7620 0.1467
0.0066 0.0340 0.6846 0.2748
0.1703 0.4033 0.4069 0.0195
0.2227 0.3344 0.3668 0.0761
0.1019 0.3627 0.1629 0.3725

MOTIF filter4
letter-probability matrix: alength= 4 w= 7 nsites= 53345
0.0935 0.0125 0.6898 0.2041
0.0214 0.5621 0.1410 0.2755
0.0724 0.6169 0.0175 0.2932
0.1898 0.1654 0.0494 0.5954
0.1398 0.1842 0.3368 0.3392
0.0416 0.0774 0.8297 0.0513
0.0868 0.2322 0.3549 0.3261

MOTIF filter5
letter-probability matrix: alength= 4 w= 7 nsites= 374939
0.3456 0.0705 0.1882 0.3956
0.0000 0.0000 1.0000 0.0000
0.3620 0.2952 0.0000 0.3429
0.3128 0.2247 0.1573 0.3052
0.2556 0.1991 0.2464 0.2989
0.2604 0.2324 0.2034 0.3038
0.2784 0.2270 0.1719 0.3227

MOTIF filter6
letter-probability matrix: alength= 4 w= 7 nsites= 40671
0.6029 0.1594 0.1396 0.0981
0.4972 0.1349 0.1878 0.1801
0.2229 0.0683 0.4453 0.2635
0.1699 0.0950 0.5510 0.1842
0.2142 0.1963 0.2260 0.3635
0.0694 0.5087 0.2730 0.1489
0.6018 0.0909 0.2740 0.0333

MOTIF filter7
letter-probability matrix: alength= 4 w= 7 nsites= 48820
0.2184 0.0288 0.1877 0.5651
0.1657 0.0000 0.0494 0.7849
0.0298 0.3621 0.1520 0.4560
0.2310 0.0570 0.4922 0.2198
0.3799 0.1355 0.3114 0.1732
0.2654 0.1894 0.2838 0.2614
0.1698 0.0208 0.7656 0.0438

MOTIF filter8
letter-probability matrix: alength= 4 w= 7 nsites= 78773
0.2063 0.4360 0.0938 0.2639
0.2985 0.3767 0.1387 0.1861
0.1706 0.0835 0.0065 0.7394
0.2073 0.2423 0.3297 0.2208
0.2628 0.1667 0.2219 0.3486
0.4187 0.0086 0.3687 0.2040
0.0038 0.2091 0.7541 0.0329

MOTIF filter9
letter-probability matrix: alength= 4 w= 7 nsites= 92236
0.0602 0.0003 0.9105 0.0289
0.5342 0.0218 0.0879 0.3561
0.4581 0.0217 0.2152 0.3050
0.5710 0.0783 0.0098 0.3410
0.3049 0.0084 0.2470 0.4397
0.2125 0.0520 0.4122 0.3233
0.2496 0.2451 0.2307 0.2746

MOTIF filter10
letter-probability matrix: alength= 4 w= 7 nsites= 42899
0.4981 0.0796 0.1812 0.2412
0.0377 0.0167 0.5969 0.3487
0.6424 0.1452 0.1908 0.0217
0.1829 0.3661 0.2915 0.1594
0.0174 0.0042 0.4405 0.5379
0.2868 0.4243 0.2502 0.0387
0.2801 0.2997 0.3616 0.0586

MOTIF filter11
letter-probability matrix: alength= 4 w= 7 nsites= 62199
0.0216 0.2337 0.5599 0.1849
0.2574 0.0149 0.5420 0.1857
0.0035 0.3952 0.5052 0.0960
0.5499 0.0940 0.2287 0.1275
0.1044 0.2750 0.4008 0.2198
0.5393 0.0476 0.2925 0.1207
0.6631 0.0098 0.2768 0.0503

MOTIF filter12
letter-probability matrix: alength= 4 w= 7 nsites= 40308
0.0085 0.1070 0.7353 0.1491
0.8028 0.1255 0.0012 0.0704
0.1417 0.0104 0.8295 0.0184
0.4465 0.2800 0.1458 0.1277
0.5068 0.1675 0.1222 0.2035
0.1080 0.3192 0.1209 0.4520
0.1487 0.3520 0.1879 0.3114

MOTIF filter13
letter-probability matrix: alength= 4 w= 7 nsites= 63805
0.2703 0.0383 0.5568 0.1346
0.1766 0.1308 0.1628 0.5298
0.1113 0.2864 0.0581 0.5442
0.3438 0.1718 0.0780 0.4064
0.5309 0.1345 0.2239 0.1107
0.2750 0.2218 0.3862 0.1170
0.3214 0.1392 0.2745 0.2649

MOTIF filter14
letter-probability matrix: alength= 4 w= 7 nsites= 41384
0.5685 0.1294 0.2378 0.0643
0.4112 0.4153 0.1014 0.0721
0.5340 0.0888 0.2397 0.1374
0.4320 0.0239 0.4459 0.0982
0.4855 0.1776 0.0744 0.2624
0.2392 0.2146 0.0614 0.4847
0.1232 0.5605 0.0682 0.2481

MOTIF filter15
letter-probability matrix: alength= 4 w= 7 nsites= 50307
0.6235 0.0712 0.2270 0.0783
0.3102 0.3603 0.0245 0.3049
0.1819 0.5610 0.0873 0.1698
0.1584 0.4414 0.1219 0.2784
0.0152 0.0121 0.3398 0.6330
0.4066 0.3845 0.2004 0.0085
0.2437 0.0339 0.1991 0.5233

