MEME version 4

ALPHABET= ACGU

Background letter frequencies:
A 0.2688 C 0.2015 G 0.2107 U 0.3190

MOTIF filter0
letter-probability matrix: alength= 4 w= 7 nsites= 36827
0.2366 0.1333 0.5176 0.1125
0.4857 0.3497 0.1077 0.0568
0.1103 0.0186 0.0595 0.8116
0.0013 0.0561 0.9426 0.0001
0.7159 0.1450 0.0053 0.1338
0.2322 0.1114 0.5794 0.0770
0.2288 0.1500 0.2811 0.3400

MOTIF filter1
letter-probability matrix: alength= 4 w= 7 nsites= 284255
0.4152 0.3031 0.0038 0.2780
0.3392 0.2446 0.1471 0.2691
0.3106 0.1330 0.2031 0.3534
0.2268 0.2292 0.1445 0.3995
0.1920 0.1194 0.1369 0.5516
0.0912 0.1473 0.1673 0.5942
0.1448 0.1499 0.1401 0.5652

MOTIF filter2
letter-probability matrix: alength= 4 w= 7 nsites= 41565
0.0918 0.6750 0.1230 0.1103
0.3688 0.2673 0.2753 0.0886
0.0185 0.5712 0.1448 0.2654
0.2015 0.0280 0.3046 0.4659
0.0158 0.0035 0.9656 0.0151
0.1194 0.0063 0.8411 0.0332
0.0626 0.3220 0.5829 0.0325

MOTIF filter3
letter-probability matrix: alength= 4 w= 7 nsites= 81637
0.0004 0.5284 0.4712 0.0000
0.2697 0.3149 0.0457 0.3697
0.3402 0.1650 0.1022 0.3926
0.0931 0.0324 0.8103 0.0643
0.1584 0.0729 0.7244 0.0443
0.4900 0.0625 0.1332 0.3143
0.1957 0.3348 0.4168 0.0527

MOTIF filter4
letter-probability matrix: alength= 4 w= 7 nsites= 88373
0.1052 0.0428 0.0216 0.8303
0.0118 0.0201 0.0177 0.9504
0.3992 0.0782 0.1060 0.4166
0.3791 0.1382 0.0415 0.4412
0.6496 0.1259 0.1283 0.0963
0.7570 0.0055 0.0504 0.1871
0.1666 0.0732 0.6577 0.1025

MOTIF filter5
letter-probability matrix: alength= 4 w= 7 nsites= 77484
0.0231 0.8908 0.0498 0.0364
0.1552 0.7221 0.0415 0.0812
0.0347 0.5310 0.0996 0.3347
0.1410 0.6119 0.1090 0.1381
0.0936 0.6660 0.2031 0.0373
0.4007 0.4027 0.0289 0.1677
0.3093 0.1800 0.3432 0.1675

MOTIF filter6
letter-probability matrix: alength= 4 w= 7 nsites= 37674
0.3746 0.3844 0.2072 0.0338
0.4794 0.1012 0.3654 0.0539
0.3365 0.1293 0.5036 0.0307
0.1802 0.0041 0.0915 0.7242
0.1403 0.4708 0.0196 0.3694
0.3666 0.2527 0.3179 0.0628
0.0268 0.0753 0.8178 0.0801

MOTIF filter7
letter-probability matrix: alength= 4 w= 7 nsites= 86941
0.4166 0.3461 0.0893 0.1480
0.7234 0.0523 0.0087 0.2156
0.0622 0.0631 0.5543 0.3204
0.0228 0.4766 0.4007 0.0999
0.5251 0.0566 0.0454 0.3729
0.0022 0.3023 0.6513 0.0441
0.3459 0.0853 0.0338 0.5349

MOTIF filter8
letter-probability matrix: alength= 4 w= 7 nsites= 175713
0.3864 0.1286 0.2431 0.2419
0.6368 0.0434 0.1652 0.1547
0.3909 0.0843 0.4005 0.1244
0.4393 0.1196 0.4369 0.0042
0.6448 0.0038 0.1219 0.2296
0.3990 0.0130 0.5862 0.0018
0.4235 0.0710 0.4295 0.0760

MOTIF filter9
letter-probability matrix: alength= 4 w= 7 nsites= 70696
0.2858 0.4175 0.2629 0.0338
0.8525 0.0032 0.0019 0.1424
0.1157 0.0184 0.8644 0.0015
0.0412 0.1409 0.4821 0.3358
0.1786 0.4236 0.3196 0.0783
0.4349 0.1808 0.1981 0.1863
0.1284 0.4357 0.0821 0.3539

MOTIF filter10
letter-probability matrix: alength= 4 w= 7 nsites= 277878
0.2356 0.2353 0.0401 0.4890
0.1914 0.1229 0.1346 0.5510
0.1352 0.1736 0.0570 0.6341
0.0579 0.0612 0.0083 0.8726
0.0234 0.0826 0.0058 0.8883
0.0430 0.0822 0.0108 0.8640
0.0972 0.1270 0.0342 0.7416

MOTIF filter11
letter-probability matrix: alength= 4 w= 7 nsites= 119570
0.1269 0.3209 0.1745 0.3778
0.2293 0.4413 0.1360 0.1933
0.1679 0.1283 0.0276 0.6762
0.0224 0.1188 0.8040 0.0547
0.0001 0.1973 0.8014 0.0012
0.2993 0.2344 0.1858 0.2805
0.4904 0.1416 0.2303 0.1376

MOTIF filter12
letter-probability matrix: alength= 4 w= 7 nsites= 122757
0.0970 0.4982 0.0463 0.3585
0.0805 0.0992 0.0137 0.8066
0.3414 0.1041 0.3089 0.2455
0.3651 0.4836 0.0472 0.1041
0.1826 0.1349 0.0151 0.6674
0.0000 0.0370 0.9630 0.0000
0.0865 0.4160 0.1537 0.3439

MOTIF filter13
letter-probability matrix: alength= 4 w= 7 nsites= 59190
0.0429 0.8598 0.0015 0.0958
0.4142 0.0784 0.1081 0.3993
0.1064 0.0024 0.8810 0.0103
0.1650 0.2158 0.5371 0.0821
0.2725 0.3421 0.1396 0.2458
0.1846 0.4786 0.1337 0.2031
0.5729 0.2832 0.0790 0.0649

MOTIF filter14
letter-probability matrix: alength= 4 w= 7 nsites= 43322
0.1401 0.3709 0.4482 0.0409
0.4056 0.0470 0.1179 0.4294
0.2120 0.2140 0.4096 0.1644
0.5879 0.0374 0.2763 0.0984
0.1338 0.0962 0.0548 0.7153
0.0321 0.0734 0.8902 0.0043
0.6488 0.0588 0.1407 0.1516

MOTIF filter15
letter-probability matrix: alength= 4 w= 7 nsites= 11362
0.0015 0.2543 0.0793 0.6650
0.0026 0.8888 0.0045 0.1042
0.0001 0.0088 0.0728 0.9183
0.0293 0.1154 0.1090 0.7463
0.0059 0.0660 0.1910 0.7371
0.1202 0.0320 0.8401 0.0077
0.0103 0.0491 0.5505 0.3901

