MEME version 4

ALPHABET= ACGU

Background letter frequencies:
A 0.2353 C 0.2412 G 0.2630 U 0.2605

MOTIF filter0
letter-probability matrix: alength= 4 w= 7 nsites= 7750
0.0678 0.1940 0.7009 0.0373
0.1942 0.5075 0.2601 0.0382
0.3056 0.1806 0.0773 0.4365
0.0836 0.1163 0.7752 0.0249
0.4075 0.1803 0.1564 0.2557
0.4011 0.0725 0.0722 0.4542
0.1553 0.5815 0.1829 0.0803

MOTIF filter1
letter-probability matrix: alength= 4 w= 7 nsites= 52942
0.3496 0.1124 0.0833 0.4547
0.0000 0.0000 0.9999 0.0000
0.4001 0.3156 0.0097 0.2745
0.3549 0.2067 0.0488 0.3896
0.2229 0.2073 0.2718 0.2980
0.2429 0.2750 0.2331 0.2490
0.3154 0.2045 0.2050 0.2751

MOTIF filter2
letter-probability matrix: alength= 4 w= 7 nsites= 12606
0.1673 0.0917 0.6939 0.0471
0.0752 0.8453 0.0298 0.0497
0.2649 0.3956 0.0718 0.2677
0.0224 0.0463 0.0514 0.8799
0.0787 0.2331 0.4456 0.2425
0.1544 0.3316 0.4414 0.0726
0.2338 0.2162 0.2331 0.3170

MOTIF filter3
letter-probability matrix: alength= 4 w= 7 nsites= 13958
0.1347 0.4552 0.2802 0.1299
0.0721 0.3875 0.2530 0.2874
0.8979 0.0294 0.0010 0.0718
0.0662 0.0033 0.9304 0.0001
0.1716 0.4130 0.2970 0.1184
0.0915 0.5023 0.1379 0.2684
0.3909 0.1443 0.0237 0.4411

MOTIF filter4
letter-probability matrix: alength= 4 w= 7 nsites= 11185
0.0251 0.7219 0.0547 0.1983
0.1373 0.1079 0.0185 0.7363
0.1459 0.3109 0.1335 0.4097
0.0963 0.5293 0.0013 0.3731
0.1634 0.7321 0.0006 0.1039
0.2232 0.1944 0.0001 0.5824
0.4524 0.3621 0.0356 0.1499

MOTIF filter5
letter-probability matrix: alength= 4 w= 7 nsites= 6361
0.3414 0.0031 0.0991 0.5563
0.1720 0.2055 0.0542 0.5683
0.0077 0.7860 0.0123 0.1940
0.0690 0.0874 0.6720 0.1717
0.2572 0.0297 0.5216 0.1915
0.0962 0.7675 0.0776 0.0588
0.2005 0.0646 0.3331 0.4019

MOTIF filter6
letter-probability matrix: alength= 4 w= 7 nsites= 12059
0.0969 0.3798 0.1298 0.3935
0.0870 0.8973 0.0009 0.0148
0.1630 0.4922 0.1101 0.2347
0.3102 0.2746 0.3784 0.0368
0.3359 0.0141 0.6233 0.0267
0.1211 0.4844 0.3472 0.0473
0.2034 0.5033 0.2784 0.0149

MOTIF filter7
letter-probability matrix: alength= 4 w= 7 nsites= 11810
0.1010 0.2755 0.3215 0.3020
0.2608 0.6037 0.0663 0.0692
0.6157 0.2153 0.0080 0.1609
0.0775 0.7984 0.0074 0.1166
0.8658 0.0267 0.0157 0.0918
0.3607 0.1995 0.3518 0.0880
0.2208 0.0471 0.4827 0.2494

MOTIF filter8
letter-probability matrix: alength= 4 w= 7 nsites= 12476
0.2264 0.1645 0.1567 0.4524
0.2030 0.0482 0.5143 0.2345
0.0234 0.0454 0.0437 0.8874
0.0921 0.0020 0.0610 0.8450
0.3022 0.0116 0.0171 0.6691
0.4496 0.0147 0.2820 0.2538
0.3216 0.0368 0.3050 0.3366

MOTIF filter9
letter-probability matrix: alength= 4 w= 7 nsites= 7604
0.2839 0.3655 0.0468 0.3038
0.3290 0.1585 0.4673 0.0452
0.3590 0.3495 0.2259 0.0656
0.1441 0.2024 0.4314 0.2221
0.1395 0.0656 0.5841 0.2108
0.6128 0.1993 0.1232 0.0648
0.1434 0.3917 0.0292 0.4357

MOTIF filter10
letter-probability matrix: alength= 4 w= 7 nsites= 14963
0.2362 0.1661 0.1830 0.4147
0.1277 0.2705 0.4724 0.1295
0.8257 0.0382 0.0344 0.1017
0.0016 0.0087 0.9896 0.0001
0.3513 0.3295 0.0804 0.2389
0.2200 0.5373 0.0532 0.1895
0.1552 0.3562 0.1523 0.3363

MOTIF filter11
letter-probability matrix: alength= 4 w= 7 nsites= 7877
0.0411 0.0114 0.9348 0.0127
0.5027 0.2028 0.1454 0.1491
0.1282 0.4508 0.3521 0.0689
0.3016 0.1195 0.0180 0.5608
0.0513 0.1736 0.6371 0.1381
0.0518 0.3382 0.2171 0.3930
0.4064 0.4822 0.0813 0.0301

MOTIF filter12
letter-probability matrix: alength= 4 w= 7 nsites= 7800
0.0657 0.0031 0.6686 0.2626
0.5782 0.2132 0.0124 0.1962
0.3069 0.4507 0.1238 0.1187
0.0666 0.0246 0.8863 0.0224
0.6542 0.2025 0.0906 0.0528
0.3576 0.1723 0.2546 0.2154
0.1258 0.1841 0.4387 0.2513

MOTIF filter13
letter-probability matrix: alength= 4 w= 7 nsites= 6562
0.0888 0.0370 0.3131 0.5611
0.2237 0.0515 0.2259 0.4989
0.2988 0.0483 0.5145 0.1384
0.1547 0.0513 0.5015 0.2924
0.1499 0.1822 0.1336 0.5344
0.0920 0.0516 0.6988 0.1576
0.0771 0.4729 0.1209 0.3291

MOTIF filter14
letter-probability matrix: alength= 4 w= 7 nsites= 8258
0.0542 0.1669 0.0352 0.7436
0.0989 0.0401 0.8063 0.0547
0.5936 0.2872 0.0086 0.1106
0.1929 0.1382 0.5396 0.1293
0.3989 0.1831 0.3485 0.0695
0.0851 0.3682 0.4515 0.0953
0.0419 0.2541 0.3552 0.3488

MOTIF filter15
letter-probability matrix: alength= 4 w= 7 nsites= 9074
0.0922 0.5607 0.1774 0.1698
0.3946 0.3435 0.0346 0.2274
0.4922 0.2050 0.2404 0.0625
0.0480 0.2710 0.1146 0.5664
0.4910 0.1715 0.0766 0.2610
0.0508 0.0491 0.4833 0.4168
0.0386 0.4326 0.0305 0.4983

