MEME version 4

ALPHABET= ACGU

Background letter frequencies:
A 0.2842 C 0.2036 G 0.2022 U 0.3100

MOTIF filter0
letter-probability matrix: alength= 4 w= 7 nsites= 50817
0.2762 0.5323 0.0011 0.1905
0.2002 0.2998 0.0866 0.4134
0.5184 0.0445 0.0430 0.3941
0.0152 0.0037 0.9322 0.0490
0.4861 0.0518 0.0303 0.4318
0.1326 0.0398 0.6998 0.1278
0.2838 0.1810 0.0313 0.5040

MOTIF filter1
letter-probability matrix: alength= 4 w= 7 nsites= 27536
0.1069 0.0870 0.7187 0.0874
0.0998 0.3451 0.3414 0.2137
0.1292 0.1489 0.3908 0.3310
0.1049 0.0431 0.7830 0.0690
0.0772 0.0545 0.7616 0.1068
0.2321 0.1014 0.5846 0.0819
0.0985 0.2223 0.5203 0.1589

MOTIF filter2
letter-probability matrix: alength= 4 w= 7 nsites= 49349
0.3626 0.1982 0.0803 0.3588
0.3927 0.0353 0.4574 0.1147
0.0435 0.4211 0.3862 0.1492
0.3670 0.2232 0.2338 0.1760
0.6238 0.0772 0.0672 0.2318
0.6802 0.1059 0.0262 0.1876
0.1120 0.4050 0.0010 0.4820

MOTIF filter3
letter-probability matrix: alength= 4 w= 7 nsites= 84127
0.2483 0.1402 0.2577 0.3538
0.3120 0.0181 0.3007 0.3692
0.1767 0.8171 0.0000 0.0062
0.1744 0.0744 0.0034 0.7478
0.0677 0.0120 0.5030 0.4173
0.0288 0.5065 0.1615 0.3032
0.4885 0.0528 0.1864 0.2723

MOTIF filter4
letter-probability matrix: alength= 4 w= 7 nsites= 60099
0.4836 0.1889 0.0181 0.3094
0.3681 0.2458 0.0061 0.3800
0.1722 0.4473 0.0024 0.3782
0.0454 0.2560 0.0035 0.6951
0.0834 0.3330 0.1645 0.4190
0.5416 0.1509 0.1114 0.1961
0.0312 0.5878 0.1134 0.2676

MOTIF filter5
letter-probability matrix: alength= 4 w= 7 nsites= 30986
0.6513 0.0066 0.0009 0.3411
0.1343 0.7788 0.0003 0.0867
0.5095 0.3039 0.0703 0.1163
0.1733 0.2058 0.3152 0.3057
0.2393 0.0437 0.3889 0.3280
0.1081 0.0729 0.0935 0.7255
0.3888 0.1687 0.2310 0.2115

MOTIF filter6
letter-probability matrix: alength= 4 w= 7 nsites= 82465
0.0720 0.0915 0.3296 0.5069
0.1322 0.0863 0.0156 0.7659
0.1560 0.0693 0.0435 0.7312
0.1381 0.0632 0.0518 0.7469
0.0623 0.0637 0.0633 0.8107
0.0425 0.0365 0.2218 0.6991
0.1018 0.1197 0.2167 0.5618

MOTIF filter7
letter-probability matrix: alength= 4 w= 7 nsites= 75962
0.4176 0.5097 0.0048 0.0679
0.1945 0.0848 0.0946 0.6262
0.0292 0.0871 0.5660 0.3176
0.2804 0.1663 0.4315 0.1217
0.7468 0.0833 0.0056 0.1643
0.4248 0.0678 0.4081 0.0993
0.4672 0.0918 0.0842 0.3568

MOTIF filter8
letter-probability matrix: alength= 4 w= 7 nsites= 255813
0.3697 0.2175 0.0031 0.4097
0.3835 0.1594 0.1607 0.2964
0.2948 0.1841 0.2662 0.2548
0.3867 0.2335 0.1133 0.2665
0.3336 0.1906 0.1924 0.2834
0.3893 0.1571 0.2066 0.2469
0.3601 0.1809 0.2175 0.2415

MOTIF filter9
letter-probability matrix: alength= 4 w= 7 nsites= 86026
0.3863 0.2388 0.0566 0.3182
0.1575 0.1835 0.1115 0.5475
0.4427 0.1606 0.0119 0.3848
0.3377 0.1309 0.0543 0.4771
0.1246 0.3321 0.0021 0.5413
0.1155 0.2157 0.0047 0.6641
0.5019 0.3403 0.0278 0.1300

MOTIF filter10
letter-probability matrix: alength= 4 w= 7 nsites= 56305
0.0387 0.5022 0.0408 0.4184
0.5752 0.0435 0.3321 0.0492
0.0889 0.2940 0.5773 0.0398
0.1870 0.3101 0.2196 0.2833
0.7650 0.1646 0.0399 0.0304
0.1520 0.0132 0.3607 0.4741
0.0740 0.2255 0.2628 0.4377

MOTIF filter11
letter-probability matrix: alength= 4 w= 7 nsites= 259849
0.7013 0.0139 0.0818 0.2029
0.2666 0.0254 0.2005 0.5075
0.4237 0.0000 0.1392 0.4370
0.3388 0.0000 0.2898 0.3714
0.6398 0.0000 0.1411 0.2191
0.4110 0.0006 0.1922 0.3963
0.4244 0.0349 0.0872 0.4534

MOTIF filter12
letter-probability matrix: alength= 4 w= 7 nsites= 44519
0.7375 0.1523 0.0059 0.1042
0.0728 0.0016 0.0006 0.9250
0.4192 0.1670 0.1861 0.2278
0.0562 0.1152 0.5303 0.2983
0.2250 0.1510 0.1275 0.4965
0.2746 0.2500 0.1550 0.3204
0.1873 0.2486 0.3755 0.1885

MOTIF filter13
letter-probability matrix: alength= 4 w= 7 nsites= 43292
0.2818 0.3114 0.0551 0.3517
0.1717 0.3080 0.4454 0.0749
0.0269 0.6247 0.3036 0.0447
0.0473 0.7474 0.1481 0.0572
0.0491 0.3413 0.0847 0.5249
0.2373 0.2145 0.3477 0.2005
0.2212 0.2367 0.2938 0.2484

MOTIF filter14
letter-probability matrix: alength= 4 w= 7 nsites= 57012
0.2859 0.0087 0.1705 0.5348
0.3842 0.1061 0.3022 0.2075
0.3474 0.1084 0.0048 0.5393
0.1390 0.2250 0.3698 0.2662
0.1689 0.3528 0.2119 0.2663
0.6845 0.0188 0.0594 0.2373
0.2815 0.4138 0.0749 0.2298

MOTIF filter15
letter-probability matrix: alength= 4 w= 7 nsites= 67143
0.3991 0.1745 0.3428 0.0837
0.4410 0.2285 0.0016 0.3289
0.2240 0.2092 0.3298 0.2370
0.1935 0.0854 0.0138 0.7073
0.0005 0.0007 0.8708 0.1280
0.5372 0.3858 0.0045 0.0725
0.1464 0.3651 0.0697 0.4189

