MEME version 4

ALPHABET= ACGU

Background letter frequencies:
A 0.2440 C 0.2323 G 0.2505 U 0.2732

MOTIF filter0
letter-probability matrix: alength= 4 w= 7 nsites= 12420
0.6067 0.0410 0.0245 0.3277
0.3352 0.0552 0.2370 0.3726
0.0240 0.0572 0.4172 0.5016
0.5073 0.1755 0.1215 0.1956
0.4456 0.1495 0.1211 0.2838
0.3616 0.2831 0.3088 0.0466
0.3560 0.1038 0.3575 0.1827

MOTIF filter1
letter-probability matrix: alength= 4 w= 7 nsites= 14977
0.6841 0.0001 0.0038 0.3120
0.1214 0.2862 0.4699 0.1226
0.0995 0.4133 0.1551 0.3322
0.1718 0.2005 0.2294 0.3983
0.1380 0.2085 0.2823 0.3712
0.3913 0.0033 0.5437 0.0617
0.0538 0.0420 0.4305 0.4737

MOTIF filter2
letter-probability matrix: alength= 4 w= 7 nsites= 5245
0.7188 0.0455 0.1890 0.0467
0.1240 0.2118 0.5203 0.1438
0.3618 0.5702 0.0541 0.0139
0.1436 0.6235 0.1856 0.0472
0.6401 0.1880 0.0444 0.1275
0.1410 0.4696 0.2839 0.1055
0.4910 0.1690 0.0351 0.3050

MOTIF filter3
letter-probability matrix: alength= 4 w= 7 nsites= 8394
0.7183 0.0286 0.1506 0.1025
0.6063 0.0408 0.3513 0.0015
0.1879 0.3965 0.2892 0.1263
0.1585 0.1910 0.1380 0.5125
0.3019 0.3718 0.1804 0.1460
0.5257 0.0392 0.1538 0.2813
0.2228 0.0167 0.2239 0.5367

MOTIF filter4
letter-probability matrix: alength= 4 w= 7 nsites= 7846
0.2101 0.0013 0.5469 0.2418
0.6236 0.0124 0.0064 0.3577
0.0545 0.4261 0.0361 0.4833
0.0499 0.0904 0.5720 0.2876
0.1134 0.0702 0.5313 0.2851
0.1464 0.3953 0.2098 0.2485
0.2028 0.1583 0.2024 0.4364

MOTIF filter5
letter-probability matrix: alength= 4 w= 7 nsites= 9142
0.2824 0.4461 0.2494 0.0221
0.5923 0.0487 0.1337 0.2253
0.0286 0.0953 0.8409 0.0351
0.2857 0.1106 0.3406 0.2631
0.3446 0.4202 0.0046 0.2306
0.0494 0.3263 0.0599 0.5644
0.5383 0.1679 0.1534 0.1404

MOTIF filter6
letter-probability matrix: alength= 4 w= 7 nsites= 6816
0.0443 0.8548 0.0916 0.0092
0.4708 0.1661 0.1220 0.2411
0.2443 0.0614 0.3268 0.3674
0.0359 0.6273 0.2760 0.0609
0.3289 0.2271 0.3462 0.0978
0.5560 0.2098 0.0353 0.1988
0.0437 0.6066 0.3113 0.0384

MOTIF filter7
letter-probability matrix: alength= 4 w= 7 nsites= 7164
0.1719 0.2143 0.3993 0.2146
0.0336 0.1117 0.5088 0.3458
0.0670 0.1110 0.1780 0.6440
0.0137 0.5908 0.1975 0.1980
0.5010 0.1786 0.1917 0.1288
0.1953 0.0615 0.7210 0.0222
0.2683 0.2246 0.2866 0.2206

MOTIF filter8
letter-probability matrix: alength= 4 w= 7 nsites= 5896
0.2900 0.5200 0.0336 0.1564
0.1646 0.6597 0.1395 0.0363
0.5392 0.0625 0.0619 0.3364
0.2369 0.1244 0.5932 0.0454
0.3746 0.1047 0.4669 0.0537
0.0337 0.3261 0.2324 0.4078
0.0869 0.0386 0.1200 0.7544

MOTIF filter9
letter-probability matrix: alength= 4 w= 7 nsites= 10557
0.2727 0.1138 0.0738 0.5397
0.2861 0.0606 0.3314 0.3218
0.0522 0.4673 0.0273 0.4533
0.1790 0.1752 0.2813 0.3645
0.0368 0.1854 0.7496 0.0281
0.2471 0.2495 0.2799 0.2235
0.6313 0.1189 0.0946 0.1552

MOTIF filter10
letter-probability matrix: alength= 4 w= 7 nsites= 6846
0.0169 0.0666 0.9147 0.0018
0.4390 0.1966 0.2029 0.1615
0.1304 0.4568 0.2121 0.2007
0.0685 0.3172 0.5546 0.0597
0.4647 0.2342 0.1545 0.1467
0.3606 0.0912 0.0066 0.5416
0.1429 0.3549 0.3012 0.2010

MOTIF filter11
letter-probability matrix: alength= 4 w= 7 nsites= 10513
0.5172 0.1556 0.0066 0.3207
0.1471 0.1508 0.1328 0.5693
0.1671 0.0068 0.0434 0.7828
0.4385 0.0165 0.4112 0.1337
0.7488 0.0574 0.0068 0.1870
0.5027 0.0933 0.0473 0.3568
0.5195 0.2040 0.1097 0.1668

MOTIF filter12
letter-probability matrix: alength= 4 w= 7 nsites= 10182
0.1004 0.2782 0.1377 0.4836
0.0672 0.3835 0.1007 0.4486
0.2765 0.0801 0.5208 0.1226
0.0527 0.2539 0.6793 0.0141
0.0203 0.6831 0.2082 0.0884
0.0603 0.5542 0.0172 0.3683
0.2085 0.3093 0.2323 0.2499

MOTIF filter13
letter-probability matrix: alength= 4 w= 7 nsites= 7280
0.5026 0.1321 0.0740 0.2913
0.2672 0.5104 0.0791 0.1433
0.1579 0.4735 0.0092 0.3594
0.3018 0.0336 0.0574 0.6072
0.1259 0.1075 0.7455 0.0211
0.7949 0.0638 0.1063 0.0350
0.3720 0.1658 0.2180 0.2441

MOTIF filter14
letter-probability matrix: alength= 4 w= 7 nsites= 6976
0.1042 0.5073 0.1208 0.2678
0.0208 0.5650 0.2761 0.1381
0.3390 0.3145 0.0377 0.3089
0.1947 0.2477 0.0539 0.5037
0.0529 0.3112 0.1032 0.5328
0.2668 0.0509 0.3517 0.3307
0.0365 0.1404 0.1746 0.6484

MOTIF filter15
letter-probability matrix: alength= 4 w= 7 nsites= 4273
0.8043 0.0729 0.0589 0.0638
0.5120 0.2619 0.0430 0.1831
0.1761 0.2708 0.4629 0.0903
0.2897 0.0159 0.6495 0.0449
0.1863 0.0905 0.5838 0.1394
0.1192 0.5162 0.2375 0.1270
0.7954 0.0849 0.0945 0.0253

