MEME version 4

ALPHABET= ACGU

Background letter frequencies:
A 0.3021 C 0.1740 G 0.1926 U 0.3313

MOTIF filter0
letter-probability matrix: alength= 4 w= 7 nsites= 65199
0.4564 0.2597 0.0107 0.2732
0.2993 0.0920 0.0117 0.5970
0.8470 0.0142 0.0000 0.1388
0.2171 0.7220 0.0003 0.0606
0.5901 0.0883 0.0089 0.3127
0.3211 0.2298 0.0180 0.4311
0.1243 0.1105 0.0844 0.6808

MOTIF filter1
letter-probability matrix: alength= 4 w= 7 nsites= 62800
0.6071 0.1240 0.1131 0.1558
0.5114 0.0267 0.1049 0.3570
0.1036 0.0040 0.8751 0.0173
0.5678 0.0595 0.0298 0.3428
0.1976 0.0234 0.7436 0.0353
0.4240 0.1734 0.1305 0.2721
0.4277 0.1433 0.0466 0.3824

MOTIF filter2
letter-probability matrix: alength= 4 w= 7 nsites= 55152
0.0658 0.0902 0.1691 0.6749
0.1485 0.1746 0.1840 0.4930
0.4933 0.1110 0.0870 0.3088
0.4660 0.3162 0.0829 0.1349
0.3875 0.3102 0.0835 0.2188
0.2904 0.0889 0.3583 0.2625
0.3170 0.0796 0.2994 0.3040

MOTIF filter3
letter-probability matrix: alength= 4 w= 7 nsites= 39907
0.0067 0.0102 0.8231 0.1599
0.0744 0.1726 0.1949 0.5581
0.6680 0.0670 0.2196 0.0453
0.1377 0.1844 0.1481 0.5298
0.1964 0.1252 0.2013 0.4771
0.4313 0.1315 0.1840 0.2532
0.3769 0.5039 0.0562 0.0629

MOTIF filter4
letter-probability matrix: alength= 4 w= 7 nsites= 53604
0.3639 0.0791 0.1857 0.3714
0.0126 0.0385 0.9352 0.0137
0.2631 0.3099 0.1466 0.2804
0.2806 0.2950 0.1163 0.3081
0.3502 0.2748 0.0273 0.3478
0.3549 0.0771 0.1646 0.4034
0.0005 0.0071 0.9923 0.0001

MOTIF filter5
letter-probability matrix: alength= 4 w= 7 nsites= 16187
0.4686 0.2895 0.0052 0.2366
0.3620 0.0839 0.4870 0.0671
0.1782 0.1364 0.6071 0.0783
0.0445 0.7010 0.0537 0.2008
0.5428 0.0897 0.0485 0.3189
0.0841 0.1266 0.6650 0.1243
0.1726 0.3163 0.3991 0.1120

MOTIF filter6
letter-probability matrix: alength= 4 w= 7 nsites= 54644
0.6043 0.2754 0.0001 0.1203
0.1372 0.1509 0.2553 0.4567
0.1815 0.1664 0.0131 0.6390
0.2675 0.0770 0.0760 0.5795
0.3535 0.0635 0.4009 0.1822
0.0125 0.2060 0.0717 0.7097
0.1709 0.2914 0.2085 0.3292

MOTIF filter7
letter-probability matrix: alength= 4 w= 7 nsites= 33158
0.3549 0.2787 0.0173 0.3491
0.2361 0.5157 0.0271 0.2211
0.6929 0.0833 0.0824 0.1414
0.1744 0.1269 0.5087 0.1899
0.2846 0.1646 0.1570 0.3937
0.1846 0.5086 0.0338 0.2730
0.1210 0.0171 0.0058 0.8561

MOTIF filter8
letter-probability matrix: alength= 4 w= 7 nsites= 63027
0.0049 0.0065 0.9604 0.0283
0.2519 0.2013 0.0365 0.5103
0.2143 0.1505 0.2811 0.3541
0.2206 0.0766 0.0258 0.6770
0.0459 0.0628 0.5592 0.3321
0.1714 0.2113 0.0220 0.5953
0.2386 0.1792 0.0646 0.5176

MOTIF filter9
letter-probability matrix: alength= 4 w= 7 nsites= 37444
0.1577 0.1459 0.0901 0.6062
0.2142 0.1517 0.1498 0.4843
0.6011 0.0440 0.1841 0.1708
0.1280 0.0828 0.4669 0.3224
0.5037 0.0385 0.3349 0.1230
0.5598 0.0186 0.1654 0.2562
0.2783 0.5148 0.1572 0.0496

MOTIF filter10
letter-probability matrix: alength= 4 w= 7 nsites= 150636
0.4142 0.2336 0.0561 0.2961
0.4977 0.2665 0.0901 0.1457
0.4730 0.1965 0.0222 0.3083
0.3924 0.2117 0.0744 0.3215
0.3933 0.2011 0.1291 0.2765
0.3961 0.1914 0.1735 0.2390
0.3401 0.1487 0.1430 0.3682

MOTIF filter11
letter-probability matrix: alength= 4 w= 7 nsites= 42252
0.5392 0.0892 0.1707 0.2009
0.1650 0.0004 0.7504 0.0842
0.2085 0.2178 0.1772 0.3966
0.3093 0.3435 0.0928 0.2545
0.0433 0.0557 0.2355 0.6655
0.0115 0.7752 0.1876 0.0257
0.2363 0.2533 0.0052 0.5052

MOTIF filter12
letter-probability matrix: alength= 4 w= 7 nsites= 70211
0.2142 0.1222 0.5289 0.1348
0.4650 0.1960 0.0074 0.3315
0.2730 0.1246 0.3705 0.2319
0.3412 0.2293 0.1192 0.3103
0.3361 0.3384 0.0252 0.3003
0.5129 0.0280 0.0469 0.4122
0.0172 0.0023 0.9785 0.0020

MOTIF filter13
letter-probability matrix: alength= 4 w= 7 nsites= 34017
0.3754 0.1619 0.3515 0.1112
0.4830 0.2356 0.0016 0.2797
0.2603 0.3411 0.0119 0.3867
0.2331 0.4803 0.0090 0.2777
0.5208 0.3198 0.1019 0.0575
0.2376 0.1660 0.2277 0.3687
0.0061 0.1054 0.8824 0.0061

MOTIF filter14
letter-probability matrix: alength= 4 w= 7 nsites= 53712
0.6004 0.1126 0.1828 0.1043
0.2834 0.4941 0.0070 0.2155
0.1013 0.2691 0.1796 0.4500
0.0432 0.0249 0.2313 0.7006
0.3870 0.1517 0.1859 0.2754
0.0854 0.2735 0.1193 0.5218
0.1588 0.0975 0.2691 0.4745

MOTIF filter15
letter-probability matrix: alength= 4 w= 7 nsites= 104439
0.4589 0.0202 0.2443 0.2767
0.4691 0.1560 0.0331 0.3419
0.3349 0.0031 0.2285 0.4335
0.0004 0.0000 0.9838 0.0157
0.3723 0.2051 0.1623 0.2602
0.5106 0.0694 0.0146 0.4054
0.1914 0.0897 0.3863 0.3326

