MEME version 4

ALPHABET= ACGU

Background letter frequencies:
A 0.2588 C 0.2280 G 0.2555 U 0.2576

MOTIF filter0
letter-probability matrix: alength= 4 w= 7 nsites= 103597
0.5770 0.0563 0.0000 0.3667
0.1015 0.2070 0.5450 0.1466
0.4524 0.2008 0.3186 0.0281
0.6162 0.0198 0.2653 0.0987
0.4541 0.0504 0.4798 0.0157
0.6048 0.0273 0.3236 0.0443
0.7313 0.0622 0.0313 0.1751

MOTIF filter1
letter-probability matrix: alength= 4 w= 7 nsites= 103686
0.0187 0.4857 0.0446 0.4510
0.9510 0.0020 0.0311 0.0159
0.0916 0.0108 0.7040 0.1936
0.0134 0.2140 0.6976 0.0750
0.0123 0.4007 0.2017 0.3853
0.1566 0.1392 0.1476 0.5566
0.1366 0.2312 0.2884 0.3438

MOTIF filter2
letter-probability matrix: alength= 4 w= 7 nsites= 83576
0.2056 0.2796 0.2124 0.3023
0.1344 0.3935 0.0916 0.3805
0.3035 0.1926 0.0494 0.4545
0.2639 0.4544 0.0080 0.2737
0.8110 0.0147 0.1618 0.0126
0.0000 0.2688 0.0000 0.7312
0.9156 0.0088 0.0600 0.0156

MOTIF filter3
letter-probability matrix: alength= 4 w= 7 nsites= 57747
0.6494 0.1420 0.0399 0.1687
0.1296 0.0604 0.4877 0.3223
0.0018 0.0017 0.9964 0.0001
0.5786 0.3742 0.0382 0.0090
0.1349 0.3701 0.1402 0.3548
0.0514 0.3083 0.6203 0.0199
0.6646 0.1354 0.1360 0.0640

MOTIF filter4
letter-probability matrix: alength= 4 w= 7 nsites= 605778
0.0000 0.5959 0.0000 0.4041
0.9979 0.0000 0.0021 0.0000
0.3017 0.1145 0.3349 0.2489
0.2979 0.1498 0.2612 0.2911
0.2932 0.1591 0.2620 0.2858
0.2689 0.2130 0.2538 0.2644
0.2655 0.2208 0.2348 0.2789

MOTIF filter5
letter-probability matrix: alength= 4 w= 7 nsites= 31766
0.0565 0.2675 0.5829 0.0932
0.0322 0.0178 0.3161 0.6339
0.3803 0.1399 0.2121 0.2677
0.0167 0.5584 0.3604 0.0645
0.8506 0.1230 0.0106 0.0158
0.2450 0.0065 0.2798 0.4687
0.0162 0.0991 0.7965 0.0882

MOTIF filter6
letter-probability matrix: alength= 4 w= 7 nsites= 40219
0.9990 0.0000 0.0006 0.0004
0.2110 0.1984 0.3308 0.2598
0.1019 0.3806 0.2557 0.2618
0.1651 0.5677 0.0878 0.1794
0.0837 0.5645 0.1759 0.1759
0.3036 0.0885 0.3300 0.2780
0.0048 0.1780 0.5654 0.2518

MOTIF filter7
letter-probability matrix: alength= 4 w= 7 nsites= 122204
0.0919 0.5318 0.0909 0.2854
0.8909 0.0001 0.0000 0.1090
0.3451 0.0841 0.3744 0.1964
0.5197 0.3298 0.0000 0.1504
0.2248 0.2357 0.0410 0.4985
0.3452 0.0964 0.0419 0.5165
0.4454 0.1332 0.2010 0.2204

MOTIF filter8
letter-probability matrix: alength= 4 w= 7 nsites= 56297
0.0068 0.0075 0.9728 0.0128
0.3092 0.2930 0.3330 0.0647
0.6086 0.0912 0.1649 0.1353
0.4067 0.1569 0.2219 0.2144
0.3716 0.2082 0.3014 0.1188
0.0380 0.6477 0.1157 0.1986
0.4063 0.1418 0.3889 0.0630

MOTIF filter9
letter-probability matrix: alength= 4 w= 7 nsites= 62036
0.0106 0.9714 0.0005 0.0176
0.5395 0.2359 0.0021 0.2225
0.0787 0.1433 0.1863 0.5917
0.1391 0.2656 0.2786 0.3168
0.0287 0.5528 0.2534 0.1650
0.0149 0.2140 0.0303 0.7407
0.3660 0.2021 0.3195 0.1124

MOTIF filter10
letter-probability matrix: alength= 4 w= 7 nsites= 40210
0.6100 0.0044 0.0723 0.3134
0.0896 0.0529 0.8006 0.0569
0.1840 0.2481 0.5541 0.0138
0.5589 0.1875 0.1169 0.1367
0.0719 0.2144 0.5124 0.2013
0.6765 0.1589 0.1579 0.0068
0.0697 0.5830 0.0569 0.2905

MOTIF filter11
letter-probability matrix: alength= 4 w= 7 nsites= 103057
0.0593 0.1828 0.1717 0.5862
0.1719 0.0706 0.3981 0.3594
0.0232 0.1762 0.6212 0.1794
0.3156 0.0007 0.6832 0.0004
0.5493 0.0161 0.4296 0.0051
0.5836 0.1770 0.2366 0.0029
0.3666 0.0477 0.1684 0.4174

MOTIF filter12
letter-probability matrix: alength= 4 w= 7 nsites= 93725
0.4997 0.0669 0.1698 0.2636
0.1537 0.1712 0.6399 0.0352
0.4248 0.0026 0.5690 0.0036
0.2089 0.0833 0.5842 0.1236
0.0791 0.0615 0.4774 0.3820
0.0565 0.0540 0.4905 0.3990
0.2189 0.3367 0.3281 0.1164

MOTIF filter13
letter-probability matrix: alength= 4 w= 7 nsites= 222036
0.1988 0.1420 0.1894 0.4699
0.1752 0.1110 0.0386 0.6753
0.1871 0.1515 0.1455 0.5160
0.0818 0.0122 0.0005 0.9054
0.4136 0.0393 0.0177 0.5294
0.3705 0.0209 0.1059 0.5026
0.2356 0.1236 0.0279 0.6129

MOTIF filter14
letter-probability matrix: alength= 4 w= 7 nsites= 35689
0.0838 0.0374 0.5113 0.3675
0.0805 0.1431 0.4127 0.3637
0.2742 0.0051 0.2852 0.4355
0.0124 0.0193 0.9008 0.0675
0.0274 0.0430 0.5735 0.3561
0.1075 0.1750 0.3891 0.3283
0.2910 0.0343 0.1770 0.4977

MOTIF filter15
letter-probability matrix: alength= 4 w= 7 nsites= 56574
0.3277 0.2970 0.0629 0.3124
0.0303 0.1837 0.5940 0.1919
0.0055 0.0040 0.9708 0.0197
0.7948 0.0226 0.0497 0.1328
0.2680 0.2134 0.0682 0.4504
0.0407 0.2244 0.4058 0.3291
0.0913 0.2658 0.5155 0.1274

