MEME version 4

ALPHABET= ACGU

Background letter frequencies:
A 0.2766 C 0.1869 G 0.1933 U 0.3432

MOTIF filter0
letter-probability matrix: alength= 4 w= 7 nsites= 129625
0.8810 0.0975 0.0183 0.0033
0.3173 0.0512 0.4157 0.2158
0.3977 0.0729 0.4324 0.0970
0.5959 0.0376 0.0351 0.3313
0.5771 0.0715 0.3163 0.0352
0.4591 0.3021 0.1224 0.1164
0.6805 0.0179 0.1876 0.1141

MOTIF filter1
letter-probability matrix: alength= 4 w= 7 nsites= 167199
0.5792 0.0003 0.0077 0.4128
0.2305 0.0864 0.0010 0.6820
0.6428 0.0719 0.1382 0.1471
0.4219 0.1017 0.0253 0.4512
0.5232 0.0462 0.0352 0.3954
0.4108 0.1844 0.0653 0.3396
0.3540 0.2628 0.1026 0.2805

MOTIF filter2
letter-probability matrix: alength= 4 w= 7 nsites= 87822
0.2825 0.2258 0.3159 0.1758
0.4440 0.1299 0.3225 0.1036
0.1560 0.1198 0.4863 0.2379
0.1557 0.4915 0.0241 0.3286
0.0013 0.8928 0.0317 0.0741
0.9616 0.0023 0.0015 0.0346
0.1964 0.2555 0.2383 0.3098

MOTIF filter3
letter-probability matrix: alength= 4 w= 7 nsites= 79147
0.1252 0.0510 0.8212 0.0026
0.1370 0.2147 0.0604 0.5879
0.2764 0.1353 0.5729 0.0154
0.5799 0.0834 0.0920 0.2447
0.3035 0.1632 0.2300 0.3033
0.2571 0.0427 0.0606 0.6395
0.3229 0.1502 0.2077 0.3192

MOTIF filter4
letter-probability matrix: alength= 4 w= 7 nsites= 152291
0.2010 0.2552 0.1510 0.3928
0.1177 0.2074 0.2362 0.4387
0.0759 0.5541 0.3694 0.0006
0.0883 0.2898 0.0000 0.6218
0.8970 0.0505 0.0197 0.0328
0.4350 0.0484 0.2452 0.2714
0.1300 0.0770 0.4826 0.3104

MOTIF filter5
letter-probability matrix: alength= 4 w= 7 nsites= 157055
0.5804 0.0448 0.1293 0.2455
0.3954 0.0319 0.5265 0.0461
0.5168 0.0078 0.4244 0.0511
0.3780 0.3225 0.2792 0.0204
0.2255 0.2171 0.0436 0.5139
0.1530 0.1612 0.3082 0.3776
0.3105 0.2524 0.1682 0.2689

MOTIF filter6
letter-probability matrix: alength= 4 w= 7 nsites= 51843
0.1155 0.1250 0.1308 0.6287
0.2877 0.3848 0.0704 0.2571
0.0225 0.3381 0.4805 0.1590
0.6023 0.1104 0.0163 0.2710
0.1024 0.3085 0.3027 0.2864
0.0471 0.3048 0.4667 0.1813
0.9768 0.0043 0.0089 0.0100

MOTIF filter7
letter-probability matrix: alength= 4 w= 7 nsites= 90257
0.2046 0.3831 0.1578 0.2546
0.3394 0.1778 0.1101 0.3726
0.1773 0.0059 0.7422 0.0746
0.2549 0.0906 0.4176 0.2368
0.0184 0.0174 0.0774 0.8867
0.0107 0.0179 0.0014 0.9700
0.1181 0.1865 0.0016 0.6938

MOTIF filter8
letter-probability matrix: alength= 4 w= 7 nsites= 137605
0.0034 0.0006 0.0041 0.9919
0.0233 0.2029 0.0012 0.7726
0.6025 0.0370 0.0675 0.2930
0.5343 0.1103 0.1051 0.2502
0.0662 0.3378 0.3823 0.2137
0.3958 0.1666 0.2116 0.2260
0.2800 0.1711 0.2935 0.2554

MOTIF filter9
letter-probability matrix: alength= 4 w= 7 nsites= 222290
0.0552 0.0320 0.0838 0.8290
0.2706 0.0223 0.0199 0.6872
0.0752 0.1702 0.0035 0.7511
0.1246 0.0371 0.0838 0.7546
0.1487 0.0639 0.0275 0.7599
0.1425 0.1945 0.0907 0.5722
0.1914 0.1671 0.2071 0.4343

MOTIF filter10
letter-probability matrix: alength= 4 w= 7 nsites= 42007
0.6648 0.0744 0.0050 0.2558
0.1512 0.1571 0.4933 0.1984
0.4031 0.4788 0.0129 0.1052
0.1059 0.0904 0.1186 0.6851
0.0852 0.0670 0.8011 0.0467
0.5606 0.0800 0.2022 0.1572
0.3664 0.4053 0.0888 0.1395

MOTIF filter11
letter-probability matrix: alength= 4 w= 7 nsites= 175411
0.3547 0.3084 0.2237 0.1132
0.1959 0.2542 0.2905 0.2595
0.4667 0.2335 0.0726 0.2272
0.3028 0.1475 0.2075 0.3421
0.2810 0.2537 0.0117 0.4535
0.1579 0.0473 0.0806 0.7142
0.2306 0.3499 0.0031 0.4165

MOTIF filter12
letter-probability matrix: alength= 4 w= 7 nsites= 291078
0.0080 0.0163 0.0000 0.9757
0.2334 0.0274 0.0004 0.7389
0.0164 0.3198 0.0125 0.6514
0.2748 0.0975 0.1296 0.4981
0.3028 0.1041 0.1996 0.3935
0.1991 0.1152 0.2672 0.4185
0.2268 0.1311 0.1892 0.4529

MOTIF filter13
letter-probability matrix: alength= 4 w= 7 nsites= 72001
0.0347 0.0268 0.9013 0.0372
0.2000 0.0224 0.2248 0.5528
0.9087 0.0102 0.0594 0.0217
0.6046 0.3291 0.0228 0.0435
0.1789 0.1648 0.4005 0.2558
0.1668 0.2267 0.2109 0.3956
0.2769 0.0927 0.0980 0.5324

MOTIF filter14
letter-probability matrix: alength= 4 w= 7 nsites= 80133
0.1175 0.0034 0.5328 0.3462
0.0832 0.1844 0.3210 0.4114
0.7463 0.0048 0.0939 0.1550
0.0146 0.1327 0.6681 0.1846
0.5343 0.0124 0.3724 0.0809
0.1244 0.1013 0.6314 0.1429
0.4626 0.0545 0.2549 0.2280

MOTIF filter15
letter-probability matrix: alength= 4 w= 7 nsites= 55397
0.5361 0.3249 0.1031 0.0359
0.3456 0.3108 0.1349 0.2088
0.1219 0.4185 0.1083 0.3512
0.0705 0.1688 0.7195 0.0413
0.4277 0.0342 0.1134 0.4247
0.3874 0.2039 0.1316 0.2771
0.0036 0.7100 0.0049 0.2814

