MEME version 4

ALPHABET= ACGU

Background letter frequencies:
A 0.2814 C 0.1918 G 0.2086 U 0.3183

MOTIF filter0
letter-probability matrix: alength= 4 w= 7 nsites= 65785
0.3869 0.2559 0.0888 0.2684
0.1193 0.2639 0.4892 0.1275
0.7861 0.1614 0.0454 0.0072
0.0166 0.4631 0.2423 0.2780
0.5061 0.3728 0.0690 0.0520
0.5350 0.0411 0.4179 0.0059
0.2546 0.2762 0.4025 0.0668

MOTIF filter1
letter-probability matrix: alength= 4 w= 7 nsites= 41990
0.2179 0.2884 0.1966 0.2972
0.0131 0.8534 0.0557 0.0778
0.1042 0.0009 0.1396 0.7553
0.6645 0.1965 0.1201 0.0189
0.0028 0.0886 0.7418 0.1667
0.4356 0.4527 0.0826 0.0291
0.2525 0.1548 0.0945 0.4982

MOTIF filter2
letter-probability matrix: alength= 4 w= 7 nsites= 62200
0.5206 0.1370 0.0201 0.3223
0.7919 0.0110 0.0336 0.1634
0.1745 0.2589 0.0539 0.5127
0.0171 0.0391 0.1441 0.7998
0.2720 0.3565 0.1750 0.1965
0.7244 0.0411 0.1006 0.1338
0.3911 0.1347 0.0660 0.4081

MOTIF filter3
letter-probability matrix: alength= 4 w= 7 nsites= 122244
0.4588 0.3604 0.0903 0.0905
0.5838 0.2308 0.0343 0.1512
0.6824 0.0196 0.0283 0.2697
0.3095 0.0256 0.4167 0.2482
0.1961 0.1784 0.5578 0.0677
0.4221 0.2603 0.2318 0.0859
0.2895 0.1578 0.3028 0.2500

MOTIF filter4
letter-probability matrix: alength= 4 w= 7 nsites= 507289
0.3187 0.1709 0.2260 0.2844
0.4354 0.0262 0.1718 0.3666
0.0000 0.0000 1.0000 0.0000
0.3667 0.2312 0.0012 0.4008
0.4828 0.1621 0.0683 0.2868
0.3363 0.1273 0.1732 0.3633
0.3292 0.1506 0.1977 0.3225

MOTIF filter5
letter-probability matrix: alength= 4 w= 7 nsites= 39254
0.4465 0.3505 0.0934 0.1096
0.1436 0.1696 0.6379 0.0489
0.0717 0.3767 0.2146 0.3370
0.0208 0.6687 0.3014 0.0092
0.0649 0.8186 0.0450 0.0716
0.1323 0.3291 0.3141 0.2245
0.0235 0.3489 0.5664 0.0611

MOTIF filter6
letter-probability matrix: alength= 4 w= 7 nsites= 45327
0.2701 0.0599 0.6324 0.0376
0.0067 0.6416 0.0000 0.3517
0.2065 0.0243 0.1249 0.6443
0.0511 0.1887 0.7430 0.0173
0.3295 0.1436 0.3474 0.1795
0.6682 0.0151 0.2855 0.0311
0.0784 0.2387 0.4374 0.2455

MOTIF filter7
letter-probability matrix: alength= 4 w= 7 nsites= 79134
0.4849 0.0007 0.5088 0.0055
0.2877 0.7074 0.0001 0.0049
0.0421 0.0985 0.0073 0.8521
0.0408 0.0940 0.3367 0.5285
0.5030 0.0660 0.1814 0.2496
0.2800 0.0861 0.1449 0.4890
0.2718 0.1012 0.1351 0.4919

MOTIF filter8
letter-probability matrix: alength= 4 w= 7 nsites= 31200
0.1238 0.6721 0.1360 0.0681
0.2684 0.1497 0.0835 0.4985
0.0324 0.7167 0.1639 0.0871
0.0129 0.8751 0.0970 0.0149
0.0737 0.8048 0.0668 0.0547
0.1337 0.7132 0.0900 0.0631
0.1835 0.4173 0.3460 0.0532

MOTIF filter9
letter-probability matrix: alength= 4 w= 7 nsites= 100738
0.0003 0.5824 0.0709 0.3464
0.7799 0.0000 0.0000 0.2201
0.0284 0.5069 0.1148 0.3499
0.8156 0.1842 0.0001 0.0001
0.3046 0.1666 0.2323 0.2964
0.1387 0.3174 0.3618 0.1822
0.2299 0.3314 0.1299 0.3089

MOTIF filter10
letter-probability matrix: alength= 4 w= 7 nsites= 73559
0.2155 0.1627 0.0121 0.6097
0.4139 0.0681 0.0567 0.4614
0.2674 0.3954 0.1234 0.2138
0.0368 0.0278 0.1218 0.8136
0.1965 0.2842 0.4484 0.0709
0.0731 0.5982 0.1885 0.1402
0.4575 0.0994 0.1738 0.2693

MOTIF filter11
letter-probability matrix: alength= 4 w= 7 nsites= 619412
0.2633 0.2333 0.1862 0.3171
0.2170 0.2341 0.2215 0.3273
0.3421 0.1764 0.2133 0.2682
0.2657 0.0139 0.3299 0.3905
0.0000 0.0000 1.0000 0.0000
0.4762 0.1754 0.0000 0.3483
0.2280 0.1754 0.1739 0.4227

MOTIF filter12
letter-probability matrix: alength= 4 w= 7 nsites= 138897
0.2633 0.1404 0.1910 0.4054
0.1719 0.0478 0.1016 0.6787
0.0802 0.0657 0.4228 0.4314
0.3882 0.0951 0.0831 0.4336
0.5704 0.0470 0.1471 0.2356
0.5635 0.0022 0.4343 0.0000
0.9003 0.0958 0.0014 0.0025

MOTIF filter13
letter-probability matrix: alength= 4 w= 7 nsites= 247940
0.1751 0.2016 0.0080 0.6152
0.3329 0.2793 0.0409 0.3468
0.2383 0.0409 0.0544 0.6664
0.1666 0.0053 0.0207 0.8074
0.3341 0.0308 0.1108 0.5243
0.1932 0.0163 0.2449 0.5456
0.1184 0.3143 0.1356 0.4317

MOTIF filter14
letter-probability matrix: alength= 4 w= 7 nsites= 35317
0.1907 0.0064 0.7374 0.0655
0.0692 0.1802 0.7282 0.0224
0.1648 0.4851 0.2932 0.0569
0.1653 0.4545 0.0804 0.2998
0.0738 0.3673 0.0124 0.5465
0.0039 0.9539 0.0364 0.0057
0.2630 0.3440 0.0523 0.3408

MOTIF filter15
letter-probability matrix: alength= 4 w= 7 nsites= 26202
0.7817 0.0364 0.1130 0.0690
0.1327 0.1191 0.0004 0.7478
0.4735 0.1017 0.2248 0.2000
0.6072 0.0840 0.0283 0.2805
0.6364 0.1424 0.0254 0.1958
0.1765 0.6790 0.0213 0.1232
0.2206 0.1109 0.2553 0.4133

