MEME version 4

ALPHABET= ACGU

Background letter frequencies:
A 0.2425 C 0.2152 G 0.2029 U 0.3394

MOTIF filter0
letter-probability matrix: alength= 4 w= 7 nsites= 93540
0.1012 0.0676 0.2907 0.5405
0.2380 0.0046 0.3640 0.3935
0.2443 0.3507 0.1023 0.3028
0.3284 0.0070 0.6589 0.0057
0.5307 0.3995 0.0420 0.0278
0.2281 0.3062 0.4648 0.0009
0.5709 0.1799 0.2287 0.0205

MOTIF filter1
letter-probability matrix: alength= 4 w= 7 nsites= 99051
0.1149 0.4536 0.3135 0.1180
0.1808 0.2010 0.0719 0.5462
0.0103 0.0056 0.1508 0.8333
0.3154 0.2828 0.0953 0.3065
0.0387 0.0689 0.2466 0.6458
0.2703 0.6503 0.0794 0.0000
0.2718 0.1150 0.0690 0.5442

MOTIF filter2
letter-probability matrix: alength= 4 w= 7 nsites= 103589
0.8692 0.0123 0.0284 0.0901
0.1789 0.3478 0.3465 0.1268
0.5770 0.0542 0.2291 0.1396
0.4744 0.1514 0.1786 0.1955
0.2902 0.2799 0.0955 0.3344
0.4186 0.1541 0.0712 0.3560
0.4228 0.0691 0.4348 0.0733

MOTIF filter3
letter-probability matrix: alength= 4 w= 7 nsites= 241505
0.0283 0.1989 0.0247 0.7481
0.0423 0.1190 0.0154 0.8232
0.0336 0.0368 0.0261 0.9035
0.0097 0.0718 0.0148 0.9038
0.0615 0.0535 0.0918 0.7932
0.0309 0.1132 0.0193 0.8366
0.0379 0.1699 0.0758 0.7163

MOTIF filter4
letter-probability matrix: alength= 4 w= 7 nsites= 193648
0.2794 0.1996 0.2715 0.2496
0.0797 0.1828 0.0142 0.7232
0.1603 0.1375 0.0992 0.6029
0.3781 0.0123 0.1122 0.4974
0.4111 0.2600 0.3288 0.0000
0.0171 0.0389 0.1956 0.7485
0.3161 0.0354 0.1235 0.5249

MOTIF filter5
letter-probability matrix: alength= 4 w= 7 nsites= 311716
0.0822 0.0211 0.0622 0.8345
0.0111 0.0318 0.0121 0.9450
0.0394 0.0536 0.0299 0.8770
0.0668 0.0730 0.0752 0.7850
0.1441 0.0758 0.0790 0.7012
0.1647 0.0669 0.1477 0.6207
0.1965 0.0769 0.1625 0.5641

MOTIF filter6
letter-probability matrix: alength= 4 w= 7 nsites= 268141
0.1256 0.0036 0.0204 0.8504
0.0886 0.0094 0.0493 0.8527
0.0917 0.0065 0.0788 0.8231
0.2112 0.0178 0.1293 0.6418
0.2326 0.0308 0.1825 0.5541
0.1718 0.0180 0.2125 0.5977
0.2368 0.0459 0.0856 0.6317

MOTIF filter7
letter-probability matrix: alength= 4 w= 7 nsites= 91418
0.0017 0.0655 0.0823 0.8505
0.2861 0.5605 0.0265 0.1269
0.3186 0.5484 0.0714 0.0616
0.1192 0.2454 0.4496 0.1858
0.2897 0.2601 0.2048 0.2454
0.0120 0.4872 0.4184 0.0825
0.0975 0.4153 0.2144 0.2727

MOTIF filter8
letter-probability matrix: alength= 4 w= 7 nsites= 98836
0.4620 0.0559 0.0872 0.3950
0.4202 0.4945 0.0572 0.0280
0.6949 0.1399 0.0751 0.0902
0.1485 0.0286 0.1966 0.6264
0.4921 0.1059 0.1203 0.2817
0.3301 0.3049 0.3098 0.0551
0.5204 0.0699 0.2656 0.1441

MOTIF filter9
letter-probability matrix: alength= 4 w= 7 nsites= 55592
0.4918 0.3321 0.1408 0.0353
0.0549 0.8448 0.0033 0.0970
0.0658 0.1934 0.0779 0.6629
0.1463 0.3511 0.3946 0.1080
0.0509 0.2003 0.0798 0.6690
0.1210 0.0171 0.0861 0.7758
0.1323 0.6538 0.1037 0.1103

MOTIF filter10
letter-probability matrix: alength= 4 w= 7 nsites= 247588
0.1263 0.1284 0.2437 0.5016
0.0726 0.0359 0.1800 0.7116
0.1346 0.0017 0.0436 0.8201
0.2106 0.4796 0.1456 0.1642
0.5294 0.0443 0.0985 0.3278
0.2593 0.1551 0.2200 0.3656
0.1556 0.1710 0.2296 0.4438

MOTIF filter11
letter-probability matrix: alength= 4 w= 7 nsites= 216221
0.5274 0.2106 0.0323 0.2296
0.0958 0.2881 0.3118 0.3043
0.1632 0.1769 0.3437 0.3162
0.2581 0.3008 0.2868 0.1544
0.1699 0.2429 0.1630 0.4242
0.3570 0.3006 0.2628 0.0795
0.2895 0.2493 0.1468 0.3144

MOTIF filter12
letter-probability matrix: alength= 4 w= 7 nsites= 97117
0.2830 0.1536 0.0069 0.5564
0.1496 0.4048 0.1994 0.2462
0.1489 0.4933 0.2182 0.1396
0.3572 0.2088 0.2786 0.1554
0.2894 0.1684 0.4189 0.1233
0.2758 0.4236 0.1600 0.1406
0.0035 0.9837 0.0102 0.0026

MOTIF filter13
letter-probability matrix: alength= 4 w= 7 nsites= 98356
0.0333 0.2476 0.3119 0.4072
0.4844 0.3085 0.1699 0.0372
0.0930 0.1516 0.0615 0.6938
0.4607 0.1922 0.3354 0.0117
0.0521 0.1809 0.5203 0.2467
0.1124 0.2980 0.2881 0.3015
0.1887 0.2294 0.3061 0.2758

MOTIF filter14
letter-probability matrix: alength= 4 w= 7 nsites= 251514
0.3439 0.2422 0.0687 0.3453
0.1864 0.1161 0.3783 0.3191
0.4183 0.1627 0.1313 0.2876
0.2420 0.4168 0.1553 0.1859
0.4273 0.2081 0.1701 0.1945
0.3216 0.1556 0.2567 0.2660
0.1819 0.3404 0.1510 0.3268

MOTIF filter15
letter-probability matrix: alength= 4 w= 7 nsites= 436455
0.0292 0.0557 0.1046 0.8105
0.1203 0.2404 0.2429 0.3964
0.2184 0.1494 0.1860 0.4462
0.1658 0.3827 0.1723 0.2792
0.3352 0.1914 0.1105 0.3629
0.2746 0.2333 0.1810 0.3112
0.2532 0.2474 0.1870 0.3124

