MEME version 4

ALPHABET= ACGU

Background letter frequencies:
A 0.2864 C 0.1906 G 0.2053 U 0.3177

MOTIF filter0
letter-probability matrix: alength= 4 w= 7 nsites= 31320
0.1491 0.5436 0.1196 0.1877
0.2428 0.6649 0.0471 0.0452
0.2485 0.4288 0.2715 0.0512
0.2896 0.1203 0.4224 0.1678
0.3353 0.6268 0.0320 0.0059
0.3075 0.0884 0.0420 0.5621
0.1214 0.1085 0.7672 0.0028

MOTIF filter1
letter-probability matrix: alength= 4 w= 7 nsites= 134732
0.2694 0.2396 0.1671 0.3238
0.4340 0.0288 0.1237 0.4135
0.0248 0.0148 0.9278 0.0326
0.3455 0.2393 0.0361 0.3791
0.3294 0.1893 0.0855 0.3959
0.3094 0.1327 0.1253 0.4326
0.1813 0.1230 0.4564 0.2394

MOTIF filter2
letter-probability matrix: alength= 4 w= 7 nsites= 51681
0.3191 0.4522 0.0290 0.1997
0.3334 0.4329 0.0088 0.2249
0.0270 0.6193 0.0468 0.3069
0.0605 0.5873 0.1559 0.1963
0.4245 0.1194 0.1184 0.3377
0.0418 0.0056 0.9393 0.0133
0.1357 0.0915 0.5790 0.1938

MOTIF filter3
letter-probability matrix: alength= 4 w= 7 nsites= 33407
0.3487 0.1978 0.1474 0.3060
0.0981 0.0775 0.1708 0.6536
0.6478 0.1726 0.1317 0.0479
0.5727 0.0040 0.0075 0.4159
0.0516 0.8786 0.0058 0.0640
0.2853 0.1280 0.1175 0.4692
0.0623 0.2092 0.1064 0.6220

MOTIF filter4
letter-probability matrix: alength= 4 w= 7 nsites= 51672
0.3076 0.5779 0.0000 0.1145
0.6285 0.2049 0.0000 0.1666
0.4002 0.0925 0.0000 0.5073
0.1611 0.0710 0.0000 0.7679
0.2255 0.0459 0.0074 0.7211
0.2737 0.3423 0.0395 0.3446
0.0521 0.0399 0.0039 0.9041

MOTIF filter5
letter-probability matrix: alength= 4 w= 7 nsites= 33100
0.0183 0.2985 0.4185 0.2648
0.1429 0.2175 0.1256 0.5140
0.0387 0.0352 0.5550 0.3710
0.1797 0.1361 0.6672 0.0170
0.1565 0.6016 0.0569 0.1850
0.1628 0.4756 0.0348 0.3268
0.3113 0.2711 0.0301 0.3875

MOTIF filter6
letter-probability matrix: alength= 4 w= 7 nsites= 25238
0.3059 0.2939 0.0195 0.3808
0.2399 0.6544 0.0572 0.0485
0.4999 0.0093 0.1945 0.2963
0.0053 0.0003 0.9379 0.0565
0.2200 0.0412 0.6400 0.0988
0.2717 0.1341 0.1578 0.4364
0.1425 0.0400 0.0725 0.7449

MOTIF filter7
letter-probability matrix: alength= 4 w= 7 nsites= 84291
0.3732 0.1980 0.0521 0.3767
0.2708 0.1472 0.4288 0.1532
0.1430 0.2862 0.3239 0.2470
0.2288 0.2821 0.4742 0.0149
0.1077 0.3933 0.2198 0.2792
0.4836 0.2423 0.2562 0.0179
0.0120 0.2116 0.5168 0.2595

MOTIF filter8
letter-probability matrix: alength= 4 w= 7 nsites= 88398
0.2516 0.0579 0.0305 0.6600
0.7186 0.0817 0.0987 0.1010
0.3175 0.0176 0.1887 0.4762
0.2426 0.1302 0.5242 0.1030
0.2962 0.1695 0.2521 0.2822
0.6879 0.1196 0.0279 0.1647
0.4699 0.0557 0.2871 0.1873

MOTIF filter9
letter-probability matrix: alength= 4 w= 7 nsites= 23032
0.7920 0.0171 0.0600 0.1308
0.0187 0.0064 0.8738 0.1011
0.6230 0.3082 0.0075 0.0613
0.4687 0.5168 0.0144 0.0000
0.6778 0.2681 0.0084 0.0458
0.5168 0.0688 0.4071 0.0072
0.4734 0.2474 0.1947 0.0845

MOTIF filter10
letter-probability matrix: alength= 4 w= 7 nsites= 38520
0.0157 0.0864 0.0828 0.8152
0.0793 0.0060 0.2545 0.6602
0.0573 0.0659 0.5139 0.3630
0.1341 0.0918 0.2717 0.5024
0.3642 0.0116 0.1641 0.4601
0.0180 0.1366 0.0002 0.8452
0.0027 0.0006 0.0263 0.9704

MOTIF filter11
letter-probability matrix: alength= 4 w= 7 nsites= 84227
0.2274 0.2872 0.0002 0.4852
0.2092 0.2727 0.0000 0.5182
0.1822 0.0996 0.0000 0.7181
0.1657 0.3030 0.0000 0.5313
0.2662 0.0416 0.0004 0.6919
0.1554 0.6807 0.0000 0.1639
0.5168 0.0528 0.0379 0.3924

MOTIF filter12
letter-probability matrix: alength= 4 w= 7 nsites= 65472
0.4708 0.1180 0.0000 0.4112
0.5991 0.0993 0.0782 0.2234
0.7293 0.1234 0.0668 0.0805
0.5092 0.3579 0.0000 0.1329
0.0613 0.1663 0.0000 0.7724
0.3993 0.0609 0.0072 0.5326
0.3794 0.2201 0.0495 0.3509

MOTIF filter13
letter-probability matrix: alength= 4 w= 7 nsites= 298945
0.3732 0.2196 0.2226 0.1846
0.3591 0.1514 0.1168 0.3726
0.2751 0.2726 0.2067 0.2456
0.4290 0.1418 0.0001 0.4290
0.2654 0.2848 0.1833 0.2664
0.4190 0.0096 0.0000 0.5714
0.0000 0.0000 1.0000 0.0000

MOTIF filter14
letter-probability matrix: alength= 4 w= 7 nsites= 70816
0.2280 0.1418 0.5355 0.0948
0.1974 0.0984 0.2099 0.4943
0.1569 0.0546 0.2392 0.5493
0.4435 0.0994 0.0417 0.4155
0.4495 0.0564 0.0624 0.4316
0.1236 0.0649 0.6671 0.1444
0.3207 0.0784 0.2436 0.3573

MOTIF filter15
letter-probability matrix: alength= 4 w= 7 nsites= 82041
0.0646 0.1988 0.2454 0.4912
0.2903 0.6893 0.0143 0.0062
0.3723 0.3451 0.1100 0.1726
0.1824 0.3610 0.0428 0.4138
0.1320 0.4176 0.0505 0.3999
0.4230 0.4004 0.0228 0.1537
0.1851 0.3427 0.0576 0.4146

