MEME version 4

ALPHABET= ACGU

Background letter frequencies:
A 0.2770 C 0.1738 G 0.1671 U 0.3822

MOTIF filter0
letter-probability matrix: alength= 4 w= 7 nsites= 214139
0.4419 0.0066 0.1206 0.4308
0.0009 0.0000 0.9991 0.0000
0.5076 0.1173 0.0440 0.3312
0.4382 0.1017 0.2523 0.2077
0.5160 0.0599 0.0315 0.3926
0.3088 0.0797 0.3146 0.2969
0.4030 0.1283 0.1479 0.3208

MOTIF filter1
letter-probability matrix: alength= 4 w= 7 nsites= 263666
0.0068 0.0657 0.4135 0.5140
0.2937 0.2196 0.0627 0.4240
0.2558 0.2476 0.0368 0.4597
0.3899 0.0961 0.0989 0.4151
0.2443 0.2213 0.2431 0.2913
0.2861 0.1742 0.2313 0.3083
0.3035 0.2407 0.1916 0.2641

MOTIF filter2
letter-probability matrix: alength= 4 w= 7 nsites= 270880
0.0323 0.0256 0.0613 0.8808
0.0804 0.0593 0.2037 0.6566
0.1297 0.1043 0.2079 0.5581
0.2391 0.1568 0.1024 0.5017
0.2513 0.0813 0.1584 0.5090
0.2354 0.2591 0.1937 0.3117
0.2380 0.2051 0.1796 0.3773

MOTIF filter3
letter-probability matrix: alength= 4 w= 7 nsites= 263640
0.7091 0.1081 0.0000 0.1828
0.3764 0.4715 0.0005 0.1515
0.5394 0.2108 0.0414 0.2084
0.3668 0.1807 0.0678 0.3847
0.2637 0.2210 0.2777 0.2375
0.3241 0.1406 0.2652 0.2701
0.2100 0.1178 0.2657 0.4065

MOTIF filter4
letter-probability matrix: alength= 4 w= 7 nsites= 105053
0.2633 0.3245 0.1061 0.3062
0.2704 0.1120 0.2373 0.3803
0.0586 0.0609 0.7979 0.0825
0.2394 0.3321 0.1811 0.2474
0.4020 0.0619 0.1946 0.3415
0.0006 0.0013 0.9977 0.0004
0.2721 0.2000 0.2330 0.2949

MOTIF filter5
letter-probability matrix: alength= 4 w= 7 nsites= 53550
0.4088 0.0957 0.4511 0.0445
0.6924 0.0534 0.2161 0.0382
0.0514 0.7666 0.0103 0.1718
0.1574 0.0543 0.0229 0.7654
0.3687 0.0501 0.4154 0.1658
0.1074 0.1055 0.4549 0.3322
0.1033 0.1748 0.2297 0.4922

MOTIF filter6
letter-probability matrix: alength= 4 w= 7 nsites= 70222
0.3307 0.4362 0.1726 0.0605
0.0027 0.0037 0.0011 0.9925
0.3197 0.3170 0.3523 0.0110
0.0429 0.1025 0.4176 0.4370
0.3198 0.1844 0.2602 0.2356
0.1718 0.1077 0.4310 0.2896
0.2036 0.3397 0.3171 0.1396

MOTIF filter7
letter-probability matrix: alength= 4 w= 7 nsites= 288504
0.2601 0.2757 0.0654 0.3988
0.3459 0.1436 0.1760 0.3345
0.2287 0.0748 0.3674 0.3290
0.2322 0.2533 0.0271 0.4873
0.3077 0.2657 0.1052 0.3215
0.2441 0.2727 0.0282 0.4550
0.2660 0.2153 0.0918 0.4269

MOTIF filter8
letter-probability matrix: alength= 4 w= 7 nsites= 70806
0.0674 0.4395 0.1295 0.3636
0.0309 0.0157 0.3693 0.5841
0.0002 0.0231 0.6386 0.3381
0.0095 0.0261 0.1741 0.7903
0.0309 0.0019 0.0074 0.9599
0.1782 0.1010 0.0097 0.7112
0.4200 0.0339 0.0551 0.4909

MOTIF filter9
letter-probability matrix: alength= 4 w= 7 nsites= 26966
0.2197 0.1485 0.5633 0.0686
0.3657 0.3546 0.1712 0.1085
0.2564 0.1061 0.2465 0.3910
0.1088 0.0427 0.8099 0.0386
0.1680 0.2213 0.4852 0.1254
0.3035 0.0671 0.4790 0.1504
0.1274 0.1728 0.6207 0.0791

MOTIF filter10
letter-probability matrix: alength= 4 w= 7 nsites= 111403
0.0021 0.0044 0.7398 0.2538
0.2361 0.4720 0.0218 0.2702
0.4954 0.0477 0.0216 0.4353
0.1497 0.0723 0.1176 0.6604
0.1074 0.1627 0.3770 0.3529
0.1111 0.1484 0.1441 0.5963
0.1624 0.0992 0.1931 0.5453

MOTIF filter11
letter-probability matrix: alength= 4 w= 7 nsites= 70855
0.0022 0.0684 0.8901 0.0392
0.0138 0.2339 0.7351 0.0172
0.1815 0.5390 0.1597 0.1198
0.3268 0.2512 0.0844 0.3377
0.1740 0.3024 0.1060 0.4176
0.1820 0.2461 0.2389 0.3331
0.2320 0.3104 0.1687 0.2889

MOTIF filter12
letter-probability matrix: alength= 4 w= 7 nsites= 79062
0.1223 0.8765 0.0010 0.0002
0.6735 0.0704 0.0529 0.2032
0.1158 0.1803 0.3827 0.3212
0.0839 0.0271 0.4860 0.4030
0.1112 0.4570 0.2518 0.1800
0.3848 0.0798 0.0901 0.4453
0.1543 0.1237 0.1941 0.5279

MOTIF filter13
letter-probability matrix: alength= 4 w= 7 nsites= 61812
0.2776 0.0554 0.4177 0.2492
0.4037 0.0501 0.2253 0.3209
0.4466 0.0416 0.1948 0.3170
0.1689 0.1734 0.3727 0.2850
0.0237 0.0607 0.0546 0.8610
0.0028 0.0008 0.0551 0.9413
0.0009 0.0015 0.9974 0.0002

MOTIF filter14
letter-probability matrix: alength= 4 w= 7 nsites= 128415
0.0000 0.0000 0.9996 0.0004
0.2888 0.2215 0.1583 0.3313
0.3041 0.2059 0.1477 0.3423
0.3046 0.1953 0.1416 0.3584
0.2822 0.2109 0.1715 0.3353
0.3416 0.0470 0.1739 0.4375
0.0000 0.0000 1.0000 0.0000

MOTIF filter15
letter-probability matrix: alength= 4 w= 7 nsites= 132030
0.1224 0.0101 0.0001 0.8673
0.6395 0.0239 0.0005 0.3361
0.2304 0.4081 0.0338 0.3277
0.1355 0.1105 0.0308 0.7232
0.0483 0.1257 0.0638 0.7622
0.0795 0.1709 0.1218 0.6277
0.3586 0.0788 0.1584 0.4042

