MEME version 4

ALPHABET= ACGU

Background letter frequencies:
A 0.2665 C 0.2139 G 0.2229 U 0.2967

MOTIF filter0
letter-probability matrix: alength= 4 w= 7 nsites= 99900
0.8537 0.0611 0.0592 0.0260
0.0651 0.4120 0.0553 0.4676
0.2548 0.1283 0.2865 0.3304
0.1376 0.2984 0.0424 0.5216
0.2256 0.0196 0.2251 0.5297
0.1626 0.2307 0.5609 0.0458
0.5345 0.0812 0.3045 0.0797

MOTIF filter1
letter-probability matrix: alength= 4 w= 7 nsites= 168720
0.3320 0.3905 0.2618 0.0157
0.4741 0.2989 0.1357 0.0913
0.3367 0.0914 0.3022 0.2697
0.3826 0.0375 0.4738 0.1061
0.0206 0.1295 0.0224 0.8275
0.1739 0.0799 0.2210 0.5252
0.1520 0.2204 0.2425 0.3850

MOTIF filter2
letter-probability matrix: alength= 4 w= 7 nsites= 312576
0.5439 0.0137 0.2168 0.2256
0.3109 0.0622 0.1705 0.4564
0.3022 0.3408 0.0931 0.2639
0.0043 0.5280 0.0109 0.4569
0.5584 0.4061 0.0293 0.0061
0.1322 0.3966 0.0426 0.4287
0.1136 0.3717 0.0426 0.4722

MOTIF filter3
letter-probability matrix: alength= 4 w= 7 nsites= 155506
0.0660 0.3429 0.3735 0.2177
0.1398 0.4104 0.2750 0.1748
0.4973 0.1071 0.0264 0.3693
0.4621 0.3647 0.0489 0.1242
0.0638 0.7668 0.0174 0.1520
0.2894 0.1964 0.2066 0.3077
0.0262 0.0045 0.1753 0.7940

MOTIF filter4
letter-probability matrix: alength= 4 w= 7 nsites= 139651
0.1158 0.3848 0.2202 0.2792
0.3212 0.0466 0.1946 0.4377
0.3106 0.0510 0.1030 0.5354
0.1829 0.5607 0.1049 0.1514
0.0791 0.0041 0.0015 0.9153
0.0072 0.0375 0.3992 0.5560
0.0842 0.2461 0.2809 0.3888

MOTIF filter5
letter-probability matrix: alength= 4 w= 7 nsites= 125269
0.1655 0.2360 0.3959 0.2027
0.3546 0.1003 0.4928 0.0523
0.3457 0.3020 0.3251 0.0271
0.8774 0.0238 0.0169 0.0819
0.5368 0.1900 0.1635 0.1097
0.2925 0.3283 0.2437 0.1356
0.0681 0.0908 0.2829 0.5581

MOTIF filter6
letter-probability matrix: alength= 4 w= 7 nsites= 170890
0.2824 0.0712 0.2001 0.4463
0.0399 0.4754 0.2626 0.2220
0.6107 0.0907 0.0335 0.2651
0.4316 0.4582 0.0632 0.0471
0.0679 0.5496 0.2655 0.1170
0.0250 0.6680 0.2511 0.0559
0.1592 0.2950 0.1759 0.3699

MOTIF filter7
letter-probability matrix: alength= 4 w= 7 nsites= 16461
0.3682 0.4224 0.1685 0.0408
0.1849 0.4383 0.3439 0.0329
0.0002 0.0001 0.2759 0.7238
0.0891 0.6134 0.0370 0.2605
0.2928 0.0001 0.0263 0.6808
0.0008 0.0399 0.9410 0.0183
0.0010 0.9118 0.0664 0.0208

MOTIF filter8
letter-probability matrix: alength= 4 w= 7 nsites= 129896
0.0902 0.0542 0.3596 0.4960
0.0782 0.4785 0.1454 0.2979
0.2373 0.5629 0.0221 0.1777
0.4530 0.0065 0.0999 0.4406
0.3747 0.3298 0.2139 0.0815
0.3673 0.1205 0.0501 0.4621
0.1387 0.0063 0.8078 0.0472

MOTIF filter9
letter-probability matrix: alength= 4 w= 7 nsites= 145146
0.6368 0.0131 0.3230 0.0271
0.1915 0.3091 0.4592 0.0402
0.6534 0.0400 0.2568 0.0498
0.0366 0.2285 0.4112 0.3237
0.0309 0.2204 0.5363 0.2124
0.2811 0.2673 0.1408 0.3108
0.1239 0.2763 0.0347 0.5651

MOTIF filter10
letter-probability matrix: alength= 4 w= 7 nsites= 185413
0.1460 0.0264 0.7623 0.0653
0.2355 0.1335 0.4085 0.2225
0.0124 0.0399 0.5249 0.4227
0.4184 0.2641 0.1968 0.1207
0.5365 0.0816 0.1697 0.2122
0.5994 0.2370 0.0338 0.1299
0.4588 0.2879 0.2055 0.0478

MOTIF filter11
letter-probability matrix: alength= 4 w= 7 nsites= 33172
0.1057 0.1157 0.7053 0.0733
0.1620 0.5080 0.2440 0.0861
0.0057 0.9378 0.0053 0.0512
0.2772 0.0847 0.0481 0.5900
0.0605 0.0937 0.1629 0.6829
0.1441 0.0260 0.4013 0.4286
0.0573 0.4791 0.0533 0.4103

MOTIF filter12
letter-probability matrix: alength= 4 w= 7 nsites= 98506
0.6462 0.0914 0.0344 0.2280
0.2144 0.1281 0.6361 0.0215
0.3840 0.3346 0.2633 0.0180
0.4337 0.1159 0.1697 0.2807
0.0586 0.0290 0.7504 0.1620
0.1255 0.4356 0.2827 0.1562
0.1185 0.6019 0.1592 0.1204

MOTIF filter13
letter-probability matrix: alength= 4 w= 7 nsites= 37166
0.1265 0.5424 0.0798 0.2513
0.1219 0.8353 0.0048 0.0381
0.4319 0.2302 0.0048 0.3331
0.0506 0.1873 0.2315 0.5306
0.0937 0.0033 0.1776 0.7253
0.4116 0.0509 0.3866 0.1509
0.0312 0.3530 0.0147 0.6011

MOTIF filter14
letter-probability matrix: alength= 4 w= 7 nsites= 220821
0.3457 0.1510 0.2365 0.2668
0.4786 0.0423 0.1255 0.3536
0.0355 0.4918 0.4671 0.0056
0.4078 0.3060 0.1393 0.1469
0.1008 0.4148 0.4232 0.0613
0.3190 0.4533 0.1578 0.0700
0.0436 0.4318 0.0539 0.4707

MOTIF filter15
letter-probability matrix: alength= 4 w= 7 nsites= 41168
0.1916 0.6203 0.0634 0.1247
0.3388 0.0179 0.5396 0.1037
0.0362 0.0821 0.8206 0.0611
0.0496 0.5236 0.1749 0.2519
0.0457 0.5317 0.0540 0.3686
0.1469 0.6245 0.0294 0.1992
0.0886 0.5861 0.0169 0.3085

